# Exported from Wings 3D 2.2.4

material
  name bricks
  diffuse 0.8000 0.8000 0.8000 1.0000
  emission 0.0000 0.0000 0.0000
  specular 0.1000 0.1000 0.1000
  shininess 25.6000
  texture bricks_2.png
end

material
  name concrete
  diffuse 0.8000 0.8000 0.8000 1.0000
  emission 0.0000 0.0000 0.0000
  specular 0.1000 0.1000 0.1000
  shininess 25.6000
  texture concrete.png
end

material
  name concrete_dark
  diffuse 0.8000 0.8000 0.8000 1.0000
  emission 0.0000 0.0000 0.0000
  specular 0.1000 0.1000 0.1000
  shininess 25.6000
  texture concrete.png
end

material
  name default
  diffuse 0.7899 0.8133 0.6940 1.0000
  emission 0.0000 0.0000 0.0000
  specular 0.1690 0.1713 0.1594
  shininess 25.6000
end

material
  name glass
  diffuse 0.8000 0.8000 0.8000 1.0000
  emission 0.0000 0.0000 0.0000
  specular 0.5667 0.5667 0.5667
  shininess 25.6000
end

material
  name metal
  diffuse 0.8000 0.8000 0.8000 1.0000
  emission 0.0000 0.0000 0.0000
  specular 0.5667 0.5667 0.5667
  shininess 25.6000
  texture metal.png
end

mesh
  name Cube.046_Cube.016
  #12 vertices, 10 faces
  vertex -50.4265 327.1060 -0.0000
  vertex -50.4265 327.1060 10.5912
  vertex -51.7058 320.0597 -0.0000
  vertex -51.7058 320.0597 10.5912
  vertex -65.8612 329.9081 -0.0000
  vertex -65.8612 329.9081 10.5912
  vertex -67.1404 322.8619 -0.0000
  vertex -67.1404 322.8619 10.5912
  vertex -50.4265 327.1060 9.5681
  vertex -51.7058 320.0597 9.5681
  vertex -67.1404 322.8619 9.5681
  vertex -65.8612 329.9081 9.5681
  normal -0.0000 -0.0000 -1.0000
  normal 0.1786 0.9839 0.0000
  normal 0.9839 -0.1786 0.0000
  normal 0.9839 -0.1786 0.0000
  normal 0.1786 0.9839 0.0000
  normal 0.0000 0.0000 1.0000
  normal -0.0000 -0.0000 -1.0000
  normal -0.1786 -0.9839 0.0000
  normal 0.9839 -0.1786 0.0000
  normal 0.9839 -0.1786 0.0000
  normal -0.1786 -0.9839 0.0000
  normal 0.0000 0.0000 1.0000
  normal -0.0000 -0.0000 -1.0000
  normal 0.1786 0.9839 0.0000
  normal -0.9839 0.1786 0.0000
  normal -0.9839 0.1786 0.0000
  normal 0.1786 0.9839 0.0000
  normal 0.0000 0.0000 1.0000
  normal -0.0000 -0.0000 -1.0000
  normal -0.9839 0.1786 0.0000
  normal -0.1786 -0.9839 0.0000
  normal -0.1786 -0.9839 0.0000
  normal -0.9839 0.1786 0.0000
  normal 0.0000 0.0000 1.0000
  normal 0.1786 0.9839 0.0000
  normal 0.9839 -0.1786 0.0000
  normal 0.9839 -0.1786 0.0000
  normal 0.1786 0.9839 0.0000
  normal -0.1786 -0.9839 0.0000
  normal 0.9839 -0.1786 0.0000
  normal 0.9839 -0.1786 0.0000
  normal -0.1786 -0.9839 0.0000
  normal -0.9839 0.1786 0.0000
  normal -0.1786 -0.9839 0.0000
  normal -0.1786 -0.9839 0.0000
  normal -0.9839 0.1786 0.0000
  normal 0.1786 0.9839 0.0000
  normal -0.9839 0.1786 0.0000
  normal -0.9839 0.1786 0.0000
  normal 0.1786 0.9839 0.0000
  texcoord -0.1595 -0.7617
  texcoord -0.1595 -0.3663
  texcoord -0.1595 0.5000
  texcoord -0.1595 0.8955
  texcoord -0.1595 1.7617
  texcoord -0.0331 0.5000
  texcoord -0.0331 1.8584
  texcoord -0.0331 2.4785
  texcoord -0.0331 -0.1201
  texcoord -0.0331 -1.4785
  texcoord -0.0220 1.0483
  texcoord -0.0220 -0.0483
  texcoord 0.0555 0.5000
  texcoord 0.0555 -0.1201
  texcoord 0.0555 1.8584
  texcoord 0.0555 -1.4785
  texcoord 0.0555 2.4785
  texcoord 0.1250 0.5000
  texcoord 0.1250 0.7500
  texcoord 0.3689 -0.7617
  texcoord 0.3689 -0.3663
  texcoord 0.3689 0.5000
  texcoord 0.3689 0.8955
  texcoord 0.3689 1.7617
  texcoord 0.3750 0.5000
  texcoord 0.3750 0.7500
  texcoord 0.4786 -0.0483
  texcoord 0.4786 1.0483
  #matref Cube.046_Cube.016 # group?_concrete
  matref concrete
  face
    vertices 0 8 9 2
    normals 2 25 29 8
    texcoords 0 19 20 1
  endface
  face
    vertices 2 6 4 0
    normals 6 18 12 0
    texcoords 17 24 25 18
  endface
  face
    vertices 2 9 10 6
    normals 7 28 33 20
    texcoords 1 20 21 2
  endface
  face
    vertices 4 11 8 0
    normals 13 36 24 1
    texcoords 3 22 23 4
  endface
  face
    vertices 6 10 11 4
    normals 19 32 37 14
    texcoords 2 21 22 3
  endface
  #matref Cube.046_Cube.016 # group?_concrete_dark
  matref concrete_dark
  face
    vertices 1 5 7 3
    normals 5 17 23 11
    texcoords 10 11 26 27
  endface
  face
    vertices 1 8 11 5
    normals 4 27 39 16
    texcoords 9 15 13 8
  endface
  face
    vertices 3 9 8 1
    normals 9 30 26 3
    texcoords 6 14 16 7
  endface
  face
    vertices 5 11 10 7
    normals 15 38 35 22
    texcoords 8 13 12 5
  endface
  face
    vertices 7 10 9 3
    normals 21 34 31 10
    texcoords 5 12 14 6
  endface
end
mesh
  name Cube.045_Cube.016
  #12 vertices, 10 faces
  vertex 152.3120 267.7744 -0.0000
  vertex 152.3120 267.7744 12.0080
  vertex 156.2513 260.6746 -0.0000
  vertex 156.2513 260.6746 12.0080
  vertex 136.7601 259.1453 -0.0000
  vertex 136.7601 259.1453 12.0080
  vertex 140.6994 252.0455 -0.0000
  vertex 140.6994 252.0455 12.0080
  vertex 152.3120 267.7744 10.8480
  vertex 156.2513 260.6746 10.8480
  vertex 140.6994 252.0455 10.8480
  vertex 136.7601 259.1453 10.8480
  normal -0.0000 -0.0000 -1.0000
  normal -0.4852 0.8744 0.0000
  normal 0.8744 0.4852 0.0000
  normal 0.8744 0.4852 0.0000
  normal -0.4852 0.8744 0.0000
  normal 0.0000 0.0000 1.0000
  normal -0.0000 -0.0000 -1.0000
  normal 0.4852 -0.8744 0.0000
  normal 0.8744 0.4852 0.0000
  normal 0.8744 0.4852 0.0000
  normal 0.4852 -0.8744 0.0000
  normal 0.0000 0.0000 1.0000
  normal -0.0000 -0.0000 -1.0000
  normal -0.4852 0.8744 0.0000
  normal -0.8744 -0.4852 0.0000
  normal -0.8744 -0.4852 0.0000
  normal -0.4852 0.8744 0.0000
  normal 0.0000 0.0000 1.0000
  normal -0.0000 -0.0000 -1.0000
  normal -0.8744 -0.4852 0.0000
  normal 0.4852 -0.8744 0.0000
  normal 0.4852 -0.8744 0.0000
  normal -0.8744 -0.4852 0.0000
  normal 0.0000 0.0000 1.0000
  normal -0.4852 0.8744 0.0000
  normal 0.8744 0.4852 0.0000
  normal 0.8744 0.4852 0.0000
  normal -0.4852 0.8744 0.0000
  normal 0.4852 -0.8744 0.0000
  normal 0.8744 0.4852 0.0000
  normal 0.8744 0.4852 0.0000
  normal 0.4852 -0.8744 0.0000
  normal -0.8744 -0.4852 0.0000
  normal 0.4852 -0.8744 0.0000
  normal 0.4852 -0.8744 0.0000
  normal -0.8744 -0.4852 0.0000
  normal -0.4852 0.8744 0.0000
  normal -0.8744 -0.4852 0.0000
  normal -0.8744 -0.4852 0.0000
  normal -0.4852 0.8744 0.0000
  texcoord -0.1595 -0.7617
  texcoord -0.1595 -0.3663
  texcoord -0.1595 0.5000
  texcoord -0.1595 0.8955
  texcoord -0.1595 1.7617
  texcoord -0.0331 0.5000
  texcoord -0.0331 1.8584
  texcoord -0.0331 2.4785
  texcoord -0.0331 -0.1201
  texcoord -0.0331 -1.4785
  texcoord -0.0220 1.0483
  texcoord -0.0220 -0.0483
  texcoord 0.0555 0.5000
  texcoord 0.0555 -0.1201
  texcoord 0.0555 1.8584
  texcoord 0.0555 -1.4785
  texcoord 0.0555 2.4785
  texcoord 0.1250 0.5000
  texcoord 0.1250 0.7500
  texcoord 0.3689 -0.7617
  texcoord 0.3689 -0.3663
  texcoord 0.3689 0.5000
  texcoord 0.3689 0.8955
  texcoord 0.3689 1.7617
  texcoord 0.3750 0.5000
  texcoord 0.3750 0.7500
  texcoord 0.4786 -0.0483
  texcoord 0.4786 1.0483
  #matref Cube.045_Cube.016 # group?_concrete
  matref concrete
  face
    vertices 0 8 9 2
    normals 2 25 29 8
    texcoords 0 19 20 1
  endface
  face
    vertices 2 6 4 0
    normals 6 18 12 0
    texcoords 17 24 25 18
  endface
  face
    vertices 2 9 10 6
    normals 7 28 33 20
    texcoords 1 20 21 2
  endface
  face
    vertices 4 11 8 0
    normals 13 36 24 1
    texcoords 3 22 23 4
  endface
  face
    vertices 6 10 11 4
    normals 19 32 37 14
    texcoords 2 21 22 3
  endface
  #matref Cube.045_Cube.016 # group?_concrete_dark
  matref concrete_dark
  face
    vertices 1 5 7 3
    normals 5 17 23 11
    texcoords 10 11 26 27
  endface
  face
    vertices 1 8 11 5
    normals 4 27 39 16
    texcoords 9 15 13 8
  endface
  face
    vertices 3 9 8 1
    normals 9 30 26 3
    texcoords 6 14 16 7
  endface
  face
    vertices 5 11 10 7
    normals 15 38 35 22
    texcoords 8 13 12 5
  endface
  face
    vertices 7 10 9 3
    normals 21 34 31 10
    texcoords 5 12 14 6
  endface
end
mesh
  name Cube.044_Cube.016
  #12 vertices, 10 faces
  vertex 5.5795 232.0424 -0.0000
  vertex 5.5795 232.0424 11.3741
  vertex 7.9749 224.7342 -0.0000
  vertex 7.9749 224.7342 11.3741
  vertex -10.4291 226.7953 -0.0000
  vertex -10.4291 226.7953 11.3741
  vertex -8.0337 219.4870 -0.0000
  vertex -8.0337 219.4870 11.3741
  vertex 5.5795 232.0424 10.2754
  vertex 7.9749 224.7342 10.2754
  vertex -8.0337 219.4870 10.2754
  vertex -10.4291 226.7953 10.2754
  normal 0.0000 -0.0000 -1.0000
  normal -0.3115 0.9503 0.0000
  normal 0.9503 0.3115 0.0000
  normal 0.9503 0.3115 0.0000
  normal -0.3115 0.9503 0.0000
  normal 0.0000 0.0000 1.0000
  normal 0.0000 -0.0000 -1.0000
  normal 0.3115 -0.9503 0.0000
  normal 0.9503 0.3115 0.0000
  normal 0.9503 0.3115 0.0000
  normal 0.3115 -0.9503 0.0000
  normal 0.0000 0.0000 1.0000
  normal 0.0000 -0.0000 -1.0000
  normal -0.3115 0.9503 0.0000
  normal -0.9503 -0.3115 0.0000
  normal -0.9503 -0.3115 0.0000
  normal -0.3115 0.9503 0.0000
  normal 0.0000 0.0000 1.0000
  normal 0.0000 -0.0000 -1.0000
  normal -0.9503 -0.3115 0.0000
  normal 0.3115 -0.9503 0.0000
  normal 0.3115 -0.9503 0.0000
  normal -0.9503 -0.3115 0.0000
  normal 0.0000 0.0000 1.0000
  normal -0.3115 0.9503 0.0000
  normal 0.9503 0.3115 0.0000
  normal 0.9503 0.3115 0.0000
  normal -0.3115 0.9503 0.0000
  normal 0.3115 -0.9503 0.0000
  normal 0.9503 0.3115 0.0000
  normal 0.9503 0.3115 0.0000
  normal 0.3115 -0.9503 0.0000
  normal -0.9503 -0.3115 0.0000
  normal 0.3115 -0.9503 0.0000
  normal 0.3115 -0.9503 0.0000
  normal -0.9503 -0.3115 0.0000
  normal -0.3115 0.9503 0.0000
  normal -0.9503 -0.3115 0.0000
  normal -0.9503 -0.3115 0.0000
  normal -0.3115 0.9503 0.0000
  texcoord -0.1595 -0.7617
  texcoord -0.1595 -0.3663
  texcoord -0.1595 0.5000
  texcoord -0.1595 0.8955
  texcoord -0.1595 1.7617
  texcoord -0.0331 0.5000
  texcoord -0.0331 1.8584
  texcoord -0.0331 2.4785
  texcoord -0.0331 -0.1201
  texcoord -0.0331 -1.4785
  texcoord -0.0220 1.0483
  texcoord -0.0220 -0.0483
  texcoord 0.0555 0.5000
  texcoord 0.0555 -0.1201
  texcoord 0.0555 1.8584
  texcoord 0.0555 -1.4785
  texcoord 0.0555 2.4785
  texcoord 0.1250 0.5000
  texcoord 0.1250 0.7500
  texcoord 0.3689 -0.7617
  texcoord 0.3689 -0.3663
  texcoord 0.3689 0.5000
  texcoord 0.3689 0.8955
  texcoord 0.3689 1.7617
  texcoord 0.3750 0.5000
  texcoord 0.3750 0.7500
  texcoord 0.4786 -0.0483
  texcoord 0.4786 1.0483
  #matref Cube.044_Cube.016 # group?_concrete
  matref concrete
  face
    vertices 0 8 9 2
    normals 2 25 29 8
    texcoords 0 19 20 1
  endface
  face
    vertices 2 6 4 0
    normals 6 18 12 0
    texcoords 17 24 25 18
  endface
  face
    vertices 2 9 10 6
    normals 7 28 33 20
    texcoords 1 20 21 2
  endface
  face
    vertices 4 11 8 0
    normals 13 36 24 1
    texcoords 3 22 23 4
  endface
  face
    vertices 6 10 11 4
    normals 19 32 37 14
    texcoords 2 21 22 3
  endface
  #matref Cube.044_Cube.016 # group?_concrete_dark
  matref concrete_dark
  face
    vertices 1 5 7 3
    normals 5 17 23 11
    texcoords 10 11 26 27
  endface
  face
    vertices 1 8 11 5
    normals 4 27 39 16
    texcoords 9 15 13 8
  endface
  face
    vertices 3 9 8 1
    normals 9 30 26 3
    texcoords 6 14 16 7
  endface
  face
    vertices 5 11 10 7
    normals 15 38 35 22
    texcoords 8 13 12 5
  endface
  face
    vertices 7 10 9 3
    normals 21 34 31 10
    texcoords 5 12 14 6
  endface
end
mesh
  name Cube.043_Cube.016
  #12 vertices, 10 faces
  vertex -129.2487 231.5919 -0.0000
  vertex -129.2487 231.5919 13.2514
  vertex -133.3654 223.6334 -0.0000
  vertex -133.3654 223.6334 13.2514
  vertex -146.6816 240.6096 -0.0000
  vertex -146.6816 240.6096 13.2514
  vertex -150.7984 232.6511 -0.0000
  vertex -150.7984 232.6511 13.2514
  vertex -129.2487 231.5919 11.9714
  vertex -133.3654 223.6334 11.9714
  vertex -150.7984 232.6511 11.9714
  vertex -146.6816 240.6096 11.9714
  normal 0.0000 -0.0000 -1.0000
  normal 0.4595 0.8882 0.0000
  normal 0.8882 -0.4595 0.0000
  normal 0.8882 -0.4595 0.0000
  normal 0.4595 0.8882 0.0000
  normal 0.0000 0.0000 1.0000
  normal 0.0000 -0.0000 -1.0000
  normal -0.4595 -0.8882 0.0000
  normal 0.8882 -0.4595 0.0000
  normal 0.8882 -0.4595 0.0000
  normal -0.4595 -0.8882 0.0000
  normal 0.0000 0.0000 1.0000
  normal 0.0000 -0.0000 -1.0000
  normal 0.4595 0.8882 0.0000
  normal -0.8882 0.4595 0.0000
  normal -0.8882 0.4595 0.0000
  normal 0.4595 0.8882 0.0000
  normal 0.0000 0.0000 1.0000
  normal 0.0000 -0.0000 -1.0000
  normal -0.8882 0.4595 0.0000
  normal -0.4595 -0.8882 0.0000
  normal -0.4595 -0.8882 0.0000
  normal -0.8882 0.4595 0.0000
  normal 0.0000 0.0000 1.0000
  normal 0.4595 0.8882 0.0000
  normal 0.8882 -0.4595 0.0000
  normal 0.8882 -0.4595 0.0000
  normal 0.4595 0.8882 0.0000
  normal -0.4595 -0.8882 0.0000
  normal 0.8882 -0.4595 0.0000
  normal 0.8882 -0.4595 0.0000
  normal -0.4595 -0.8882 0.0000
  normal -0.8882 0.4595 0.0000
  normal -0.4595 -0.8882 0.0000
  normal -0.4595 -0.8882 0.0000
  normal -0.8882 0.4595 0.0000
  normal 0.4595 0.8882 0.0000
  normal -0.8882 0.4595 0.0000
  normal -0.8882 0.4595 0.0000
  normal 0.4595 0.8882 0.0000
  texcoord -0.1595 -0.7617
  texcoord -0.1595 -0.3663
  texcoord -0.1595 0.5000
  texcoord -0.1595 0.8955
  texcoord -0.1595 1.7617
  texcoord -0.0331 0.5000
  texcoord -0.0331 1.8584
  texcoord -0.0331 2.4785
  texcoord -0.0331 -0.1201
  texcoord -0.0331 -1.4785
  texcoord -0.0220 1.0483
  texcoord -0.0220 -0.0483
  texcoord 0.0555 0.5000
  texcoord 0.0555 -0.1201
  texcoord 0.0555 1.8584
  texcoord 0.0555 -1.4785
  texcoord 0.0555 2.4785
  texcoord 0.1250 0.5000
  texcoord 0.1250 0.7500
  texcoord 0.3689 -0.7617
  texcoord 0.3689 -0.3663
  texcoord 0.3689 0.5000
  texcoord 0.3689 0.8955
  texcoord 0.3689 1.7617
  texcoord 0.3750 0.5000
  texcoord 0.3750 0.7500
  texcoord 0.4786 -0.0483
  texcoord 0.4786 1.0483
  #matref Cube.043_Cube.016 # group?_concrete
  matref concrete
  face
    vertices 0 8 9 2
    normals 2 25 29 8
    texcoords 0 19 20 1
  endface
  face
    vertices 2 6 4 0
    normals 6 18 12 0
    texcoords 17 24 25 18
  endface
  face
    vertices 2 9 10 6
    normals 7 28 33 20
    texcoords 1 20 21 2
  endface
  face
    vertices 4 11 8 0
    normals 13 36 24 1
    texcoords 3 22 23 4
  endface
  face
    vertices 6 10 11 4
    normals 19 32 37 14
    texcoords 2 21 22 3
  endface
  #matref Cube.043_Cube.016 # group?_concrete_dark
  matref concrete_dark
  face
    vertices 1 5 7 3
    normals 5 17 23 11
    texcoords 10 11 26 27
  endface
  face
    vertices 1 8 11 5
    normals 4 27 39 16
    texcoords 9 15 13 8
  endface
  face
    vertices 3 9 8 1
    normals 9 30 26 3
    texcoords 6 14 16 7
  endface
  face
    vertices 5 11 10 7
    normals 15 38 35 22
    texcoords 8 13 12 5
  endface
  face
    vertices 7 10 9 3
    normals 21 34 31 10
    texcoords 5 12 14 6
  endface
end
mesh
  name Cube.042_Cube.016
  #12 vertices, 10 faces
  vertex 69.7047 -222.4399 0.0000
  vertex 69.7047 -222.4399 14.4367
  vertex 72.2760 -231.8568 0.0000
  vertex 72.2760 -231.8568 14.4367
  vertex 49.0771 -228.0722 0.0000
  vertex 49.0771 -228.0722 14.4367
  vertex 51.6484 -237.4892 0.0000
  vertex 51.6484 -237.4892 14.4367
  vertex 69.7047 -222.4399 13.0422
  vertex 72.2760 -231.8568 13.0422
  vertex 51.6484 -237.4892 13.0422
  vertex 49.0771 -228.0722 13.0422
  normal -0.0000 -0.0000 -1.0000
  normal -0.2634 0.9647 0.0000
  normal 0.9647 0.2634 0.0000
  normal 0.9647 0.2634 0.0000
  normal -0.2634 0.9647 0.0000
  normal 0.0000 0.0000 1.0000
  normal -0.0000 -0.0000 -1.0000
  normal 0.2634 -0.9647 0.0000
  normal 0.9647 0.2634 0.0000
  normal 0.9647 0.2634 0.0000
  normal 0.2634 -0.9647 0.0000
  normal 0.0000 0.0000 1.0000
  normal -0.0000 -0.0000 -1.0000
  normal -0.2634 0.9647 0.0000
  normal -0.9647 -0.2634 0.0000
  normal -0.9647 -0.2634 0.0000
  normal -0.2634 0.9647 0.0000
  normal 0.0000 0.0000 1.0000
  normal -0.0000 -0.0000 -1.0000
  normal -0.9647 -0.2634 0.0000
  normal 0.2634 -0.9647 0.0000
  normal 0.2634 -0.9647 0.0000
  normal -0.9647 -0.2634 0.0000
  normal 0.0000 0.0000 1.0000
  normal -0.2634 0.9647 0.0000
  normal 0.9647 0.2634 0.0000
  normal 0.9647 0.2634 0.0000
  normal -0.2634 0.9647 0.0000
  normal 0.2634 -0.9647 0.0000
  normal 0.9647 0.2634 0.0000
  normal 0.9647 0.2634 0.0000
  normal 0.2634 -0.9647 0.0000
  normal -0.9647 -0.2634 0.0000
  normal 0.2634 -0.9647 0.0000
  normal 0.2634 -0.9647 0.0000
  normal -0.9647 -0.2634 0.0000
  normal -0.2634 0.9647 0.0000
  normal -0.9647 -0.2634 0.0000
  normal -0.9647 -0.2634 0.0000
  normal -0.2634 0.9647 0.0000
  texcoord -0.1595 -0.7617
  texcoord -0.1595 -0.3663
  texcoord -0.1595 0.5000
  texcoord -0.1595 0.8955
  texcoord -0.1595 1.7617
  texcoord -0.0331 0.5000
  texcoord -0.0331 1.8584
  texcoord -0.0331 2.4785
  texcoord -0.0331 -0.1201
  texcoord -0.0331 -1.4785
  texcoord -0.0220 1.0483
  texcoord -0.0220 -0.0483
  texcoord 0.0555 0.5000
  texcoord 0.0555 -0.1201
  texcoord 0.0555 1.8584
  texcoord 0.0555 -1.4785
  texcoord 0.0555 2.4785
  texcoord 0.1250 0.5000
  texcoord 0.1250 0.7500
  texcoord 0.3689 -0.7617
  texcoord 0.3689 -0.3663
  texcoord 0.3689 0.5000
  texcoord 0.3689 0.8955
  texcoord 0.3689 1.7617
  texcoord 0.3750 0.5000
  texcoord 0.3750 0.7500
  texcoord 0.4786 -0.0483
  texcoord 0.4786 1.0483
  #matref Cube.042_Cube.016 # group?_concrete
  matref concrete
  face
    vertices 0 8 9 2
    normals 2 25 29 8
    texcoords 0 19 20 1
  endface
  face
    vertices 2 6 4 0
    normals 6 18 12 0
    texcoords 17 24 25 18
  endface
  face
    vertices 2 9 10 6
    normals 7 28 33 20
    texcoords 1 20 21 2
  endface
  face
    vertices 4 11 8 0
    normals 13 36 24 1
    texcoords 3 22 23 4
  endface
  face
    vertices 6 10 11 4
    normals 19 32 37 14
    texcoords 2 21 22 3
  endface
  #matref Cube.042_Cube.016 # group?_concrete_dark
  matref concrete_dark
  face
    vertices 1 5 7 3
    normals 5 17 23 11
    texcoords 10 11 26 27
  endface
  face
    vertices 1 8 11 5
    normals 4 27 39 16
    texcoords 9 15 13 8
  endface
  face
    vertices 3 9 8 1
    normals 9 30 26 3
    texcoords 6 14 16 7
  endface
  face
    vertices 5 11 10 7
    normals 15 38 35 22
    texcoords 8 13 12 5
  endface
  face
    vertices 7 10 9 3
    normals 21 34 31 10
    texcoords 5 12 14 6
  endface
end
mesh
  name Cube.041_Cube.016
  #12 vertices, 10 faces
  vertex -75.2693 -285.0125 0.0000
  vertex -75.2693 -285.0125 14.4367
  vertex -74.7616 -294.7610 0.0000
  vertex -74.7616 -294.7610 14.4367
  vertex -96.6231 -286.1247 0.0000
  vertex -96.6231 -286.1247 14.4367
  vertex -96.1154 -295.8731 0.0000
  vertex -96.1154 -295.8731 14.4367
  vertex -75.2693 -285.0125 13.0422
  vertex -74.7616 -294.7610 13.0422
  vertex -96.1154 -295.8731 13.0422
  vertex -96.6231 -286.1247 13.0422
  normal 0.0000 -0.0000 -1.0000
  normal -0.0520 0.9986 0.0000
  normal 0.9986 0.0520 0.0000
  normal 0.9986 0.0520 0.0000
  normal -0.0520 0.9986 0.0000
  normal 0.0000 0.0000 1.0000
  normal 0.0000 -0.0000 -1.0000
  normal 0.0520 -0.9986 0.0000
  normal 0.9986 0.0520 0.0000
  normal 0.9986 0.0520 0.0000
  normal 0.0520 -0.9986 0.0000
  normal 0.0000 0.0000 1.0000
  normal 0.0000 -0.0000 -1.0000
  normal -0.0520 0.9986 0.0000
  normal -0.9986 -0.0520 0.0000
  normal -0.9986 -0.0520 0.0000
  normal -0.0520 0.9986 0.0000
  normal 0.0000 0.0000 1.0000
  normal 0.0000 -0.0000 -1.0000
  normal -0.9986 -0.0520 0.0000
  normal 0.0520 -0.9986 0.0000
  normal 0.0520 -0.9986 0.0000
  normal -0.9986 -0.0520 0.0000
  normal 0.0000 0.0000 1.0000
  normal -0.0520 0.9986 0.0000
  normal 0.9986 0.0520 0.0000
  normal 0.9986 0.0520 0.0000
  normal -0.0520 0.9986 0.0000
  normal 0.0520 -0.9986 0.0000
  normal 0.9986 0.0520 0.0000
  normal 0.9986 0.0520 0.0000
  normal 0.0520 -0.9986 0.0000
  normal -0.9986 -0.0520 0.0000
  normal 0.0520 -0.9986 0.0000
  normal 0.0520 -0.9986 0.0000
  normal -0.9986 -0.0520 0.0000
  normal -0.0520 0.9986 0.0000
  normal -0.9986 -0.0520 0.0000
  normal -0.9986 -0.0520 0.0000
  normal -0.0520 0.9986 0.0000
  texcoord -0.1595 -0.7617
  texcoord -0.1595 -0.3663
  texcoord -0.1595 0.5000
  texcoord -0.1595 0.8955
  texcoord -0.1595 1.7617
  texcoord -0.0331 0.5000
  texcoord -0.0331 1.8584
  texcoord -0.0331 2.4785
  texcoord -0.0331 -0.1201
  texcoord -0.0331 -1.4785
  texcoord -0.0220 1.0483
  texcoord -0.0220 -0.0483
  texcoord 0.0555 0.5000
  texcoord 0.0555 -0.1201
  texcoord 0.0555 1.8584
  texcoord 0.0555 -1.4785
  texcoord 0.0555 2.4785
  texcoord 0.1250 0.5000
  texcoord 0.1250 0.7500
  texcoord 0.3689 -0.7617
  texcoord 0.3689 -0.3663
  texcoord 0.3689 0.5000
  texcoord 0.3689 0.8955
  texcoord 0.3689 1.7617
  texcoord 0.3750 0.5000
  texcoord 0.3750 0.7500
  texcoord 0.4786 -0.0483
  texcoord 0.4786 1.0483
  #matref Cube.041_Cube.016 # group?_concrete
  matref concrete
  face
    vertices 0 8 9 2
    normals 2 25 29 8
    texcoords 0 19 20 1
  endface
  face
    vertices 2 6 4 0
    normals 6 18 12 0
    texcoords 17 24 25 18
  endface
  face
    vertices 2 9 10 6
    normals 7 28 33 20
    texcoords 1 20 21 2
  endface
  face
    vertices 4 11 8 0
    normals 13 36 24 1
    texcoords 3 22 23 4
  endface
  face
    vertices 6 10 11 4
    normals 19 32 37 14
    texcoords 2 21 22 3
  endface
  #matref Cube.041_Cube.016 # group?_concrete_dark
  matref concrete_dark
  face
    vertices 1 5 7 3
    normals 5 17 23 11
    texcoords 10 11 26 27
  endface
  face
    vertices 1 8 11 5
    normals 4 27 39 16
    texcoords 9 15 13 8
  endface
  face
    vertices 3 9 8 1
    normals 9 30 26 3
    texcoords 6 14 16 7
  endface
  face
    vertices 5 11 10 7
    normals 15 38 35 22
    texcoords 8 13 12 5
  endface
  face
    vertices 7 10 9 3
    normals 21 34 31 10
    texcoords 5 12 14 6
  endface
end
mesh
  name Cube.040_Cube.016
  #12 vertices, 10 faces
  vertex 147.1823 -391.4458 0.0000
  vertex 147.1823 -391.4458 14.4367
  vertex 148.0016 -401.1731 0.0000
  vertex 148.0016 -401.1731 14.4367
  vertex 125.8750 -393.2406 0.0000
  vertex 125.8750 -393.2406 14.4367
  vertex 126.6943 -402.9679 0.0000
  vertex 126.6943 -402.9679 14.4367
  vertex 147.1823 -391.4458 13.0422
  vertex 148.0016 -401.1731 13.0422
  vertex 126.6943 -402.9679 13.0422
  vertex 125.8750 -393.2406 13.0422
  normal 0.0000 -0.0000 -1.0000
  normal -0.0839 0.9965 0.0000
  normal 0.9965 0.0839 0.0000
  normal 0.9965 0.0839 0.0000
  normal -0.0839 0.9965 0.0000
  normal 0.0000 0.0000 1.0000
  normal 0.0000 -0.0000 -1.0000
  normal 0.0839 -0.9965 0.0000
  normal 0.9965 0.0839 0.0000
  normal 0.9965 0.0839 0.0000
  normal 0.0839 -0.9965 0.0000
  normal 0.0000 0.0000 1.0000
  normal 0.0000 -0.0000 -1.0000
  normal -0.0839 0.9965 0.0000
  normal -0.9965 -0.0839 0.0000
  normal -0.9965 -0.0839 0.0000
  normal -0.0839 0.9965 0.0000
  normal 0.0000 0.0000 1.0000
  normal 0.0000 -0.0000 -1.0000
  normal -0.9965 -0.0839 0.0000
  normal 0.0839 -0.9965 0.0000
  normal 0.0839 -0.9965 0.0000
  normal -0.9965 -0.0839 0.0000
  normal 0.0000 0.0000 1.0000
  normal -0.0839 0.9965 0.0000
  normal 0.9965 0.0839 0.0000
  normal 0.9965 0.0839 0.0000
  normal -0.0839 0.9965 0.0000
  normal 0.0839 -0.9965 0.0000
  normal 0.9965 0.0839 0.0000
  normal 0.9965 0.0839 0.0000
  normal 0.0839 -0.9965 0.0000
  normal -0.9965 -0.0839 0.0000
  normal 0.0839 -0.9965 0.0000
  normal 0.0839 -0.9965 0.0000
  normal -0.9965 -0.0839 0.0000
  normal -0.0839 0.9965 0.0000
  normal -0.9965 -0.0839 0.0000
  normal -0.9965 -0.0839 0.0000
  normal -0.0839 0.9965 0.0000
  texcoord -0.1595 -0.7617
  texcoord -0.1595 -0.3663
  texcoord -0.1595 0.5000
  texcoord -0.1595 0.8955
  texcoord -0.1595 1.7617
  texcoord -0.0331 0.5000
  texcoord -0.0331 1.8584
  texcoord -0.0331 2.4785
  texcoord -0.0331 -0.1201
  texcoord -0.0331 -1.4785
  texcoord -0.0220 1.0483
  texcoord -0.0220 -0.0483
  texcoord 0.0555 0.5000
  texcoord 0.0555 -0.1201
  texcoord 0.0555 1.8584
  texcoord 0.0555 -1.4785
  texcoord 0.0555 2.4785
  texcoord 0.1250 0.5000
  texcoord 0.1250 0.7500
  texcoord 0.3689 -0.7617
  texcoord 0.3689 -0.3663
  texcoord 0.3689 0.5000
  texcoord 0.3689 0.8955
  texcoord 0.3689 1.7617
  texcoord 0.3750 0.5000
  texcoord 0.3750 0.7500
  texcoord 0.4786 -0.0483
  texcoord 0.4786 1.0483
  #matref Cube.040_Cube.016 # group?_concrete
  matref concrete
  face
    vertices 0 8 9 2
    normals 2 25 29 8
    texcoords 0 19 20 1
  endface
  face
    vertices 2 6 4 0
    normals 6 18 12 0
    texcoords 17 24 25 18
  endface
  face
    vertices 2 9 10 6
    normals 7 28 33 20
    texcoords 1 20 21 2
  endface
  face
    vertices 4 11 8 0
    normals 13 36 24 1
    texcoords 3 22 23 4
  endface
  face
    vertices 6 10 11 4
    normals 19 32 37 14
    texcoords 2 21 22 3
  endface
  #matref Cube.040_Cube.016 # group?_concrete_dark
  matref concrete_dark
  face
    vertices 1 5 7 3
    normals 5 17 23 11
    texcoords 10 11 26 27
  endface
  face
    vertices 1 8 11 5
    normals 4 27 39 16
    texcoords 9 15 13 8
  endface
  face
    vertices 3 9 8 1
    normals 9 30 26 3
    texcoords 6 14 16 7
  endface
  face
    vertices 5 11 10 7
    normals 15 38 35 22
    texcoords 8 13 12 5
  endface
  face
    vertices 7 10 9 3
    normals 21 34 31 10
    texcoords 5 12 14 6
  endface
end
mesh
  name Cube.039_Cube.016
  #12 vertices, 10 faces
  vertex 42.8223 -515.8455 0.0000
  vertex 42.8223 -515.8455 27.4071
  vertex 36.4204 -533.2364 0.0000
  vertex 36.4204 -533.2364 27.4071
  vertex 4.7278 -501.8224 0.0000
  vertex 4.7278 -501.8224 27.4071
  vertex -1.6741 -519.2134 0.0000
  vertex -1.6741 -519.2134 27.4071
  vertex 42.8223 -515.8455 24.7597
  vertex 36.4204 -533.2364 24.7597
  vertex -1.6741 -519.2134 24.7597
  vertex 4.7278 -501.8224 24.7597
  normal -0.0000 -0.0000 -1.0000
  normal 0.3455 0.9384 0.0000
  normal 0.9384 -0.3455 0.0000
  normal 0.9384 -0.3455 0.0000
  normal 0.3455 0.9384 0.0000
  normal 0.0000 0.0000 1.0000
  normal -0.0000 -0.0000 -1.0000
  normal -0.3455 -0.9384 0.0000
  normal 0.9384 -0.3455 0.0000
  normal 0.9384 -0.3455 0.0000
  normal -0.3455 -0.9384 0.0000
  normal 0.0000 0.0000 1.0000
  normal -0.0000 -0.0000 -1.0000
  normal 0.3455 0.9384 0.0000
  normal -0.9384 0.3455 0.0000
  normal -0.9384 0.3455 0.0000
  normal 0.3455 0.9384 0.0000
  normal 0.0000 0.0000 1.0000
  normal -0.0000 -0.0000 -1.0000
  normal -0.9384 0.3455 0.0000
  normal -0.3455 -0.9384 0.0000
  normal -0.3455 -0.9384 0.0000
  normal -0.9384 0.3455 0.0000
  normal 0.0000 0.0000 1.0000
  normal 0.3455 0.9384 0.0000
  normal 0.9384 -0.3455 0.0000
  normal 0.9384 -0.3455 0.0000
  normal 0.3455 0.9384 0.0000
  normal -0.3455 -0.9384 0.0000
  normal 0.9384 -0.3455 0.0000
  normal 0.9384 -0.3455 0.0000
  normal -0.3455 -0.9384 0.0000
  normal -0.9384 0.3455 0.0000
  normal -0.3455 -0.9384 0.0000
  normal -0.3455 -0.9384 0.0000
  normal -0.9384 0.3455 0.0000
  normal 0.3455 0.9384 0.0000
  normal -0.9384 0.3455 0.0000
  normal -0.9384 0.3455 0.0000
  normal 0.3455 0.9384 0.0000
  texcoord -0.1595 -0.7617
  texcoord -0.1595 -0.3663
  texcoord -0.1595 0.5000
  texcoord -0.1595 0.8955
  texcoord -0.1595 1.7617
  texcoord -0.0331 0.5000
  texcoord -0.0331 1.8584
  texcoord -0.0331 2.4785
  texcoord -0.0331 -0.1201
  texcoord -0.0331 -1.4785
  texcoord -0.0220 1.0483
  texcoord -0.0220 -0.0483
  texcoord 0.0555 0.5000
  texcoord 0.0555 -0.1201
  texcoord 0.0555 1.8584
  texcoord 0.0555 -1.4785
  texcoord 0.0555 2.4785
  texcoord 0.1250 0.5000
  texcoord 0.1250 0.7500
  texcoord 0.3689 -0.7617
  texcoord 0.3689 -0.3663
  texcoord 0.3689 0.5000
  texcoord 0.3689 0.8955
  texcoord 0.3689 1.7617
  texcoord 0.3750 0.5000
  texcoord 0.3750 0.7500
  texcoord 0.4786 -0.0483
  texcoord 0.4786 1.0483
  #matref Cube.039_Cube.016 # group?_concrete
  matref concrete
  face
    vertices 0 8 9 2
    normals 2 25 29 8
    texcoords 0 19 20 1
  endface
  face
    vertices 2 6 4 0
    normals 6 18 12 0
    texcoords 17 24 25 18
  endface
  face
    vertices 2 9 10 6
    normals 7 28 33 20
    texcoords 1 20 21 2
  endface
  face
    vertices 4 11 8 0
    normals 13 36 24 1
    texcoords 3 22 23 4
  endface
  face
    vertices 6 10 11 4
    normals 19 32 37 14
    texcoords 2 21 22 3
  endface
  #matref Cube.039_Cube.016 # group?_concrete_dark
  matref concrete_dark
  face
    vertices 1 5 7 3
    normals 5 17 23 11
    texcoords 10 11 26 27
  endface
  face
    vertices 1 8 11 5
    normals 4 27 39 16
    texcoords 9 15 13 8
  endface
  face
    vertices 3 9 8 1
    normals 9 30 26 3
    texcoords 6 14 16 7
  endface
  face
    vertices 5 11 10 7
    normals 15 38 35 22
    texcoords 8 13 12 5
  endface
  face
    vertices 7 10 9 3
    normals 21 34 31 10
    texcoords 5 12 14 6
  endface
end
mesh
  name Cube.038_Cube.016
  #12 vertices, 10 faces
  vertex -111.5366 -460.2673 0.0000
  vertex -111.5366 -460.2673 20.6914
  vertex -103.5845 -471.7787 0.0000
  vertex -103.5845 -471.7787 20.6914
  vertex -136.7519 -477.6860 0.0000
  vertex -136.7519 -477.6860 20.6914
  vertex -128.7999 -489.1974 0.0000
  vertex -128.7999 -489.1974 20.6914
  vertex -111.5366 -460.2673 18.6927
  vertex -103.5845 -471.7787 18.6927
  vertex -128.7999 -489.1974 18.6927
  vertex -136.7519 -477.6860 18.6927
  normal 0.0000 -0.0000 -1.0000
  normal -0.5684 0.8228 0.0000
  normal 0.8228 0.5684 0.0000
  normal 0.8228 0.5684 0.0000
  normal -0.5684 0.8228 0.0000
  normal 0.0000 0.0000 1.0000
  normal 0.0000 -0.0000 -1.0000
  normal 0.5684 -0.8228 0.0000
  normal 0.8228 0.5684 0.0000
  normal 0.8228 0.5684 0.0000
  normal 0.5684 -0.8228 0.0000
  normal 0.0000 0.0000 1.0000
  normal 0.0000 -0.0000 -1.0000
  normal -0.5684 0.8228 0.0000
  normal -0.8228 -0.5684 0.0000
  normal -0.8228 -0.5684 0.0000
  normal -0.5684 0.8228 0.0000
  normal 0.0000 0.0000 1.0000
  normal 0.0000 -0.0000 -1.0000
  normal -0.8228 -0.5684 0.0000
  normal 0.5684 -0.8228 0.0000
  normal 0.5684 -0.8228 0.0000
  normal -0.8228 -0.5684 0.0000
  normal 0.0000 0.0000 1.0000
  normal -0.5684 0.8228 0.0000
  normal 0.8228 0.5684 0.0000
  normal 0.8228 0.5684 0.0000
  normal -0.5684 0.8228 0.0000
  normal 0.5684 -0.8228 0.0000
  normal 0.8228 0.5684 0.0000
  normal 0.8228 0.5684 0.0000
  normal 0.5684 -0.8228 0.0000
  normal -0.8228 -0.5684 0.0000
  normal 0.5684 -0.8228 0.0000
  normal 0.5684 -0.8228 0.0000
  normal -0.8228 -0.5684 0.0000
  normal -0.5684 0.8228 0.0000
  normal -0.8228 -0.5684 0.0000
  normal -0.8228 -0.5684 0.0000
  normal -0.5684 0.8228 0.0000
  texcoord -0.1595 -0.7617
  texcoord -0.1595 -0.3663
  texcoord -0.1595 0.5000
  texcoord -0.1595 0.8955
  texcoord -0.1595 1.7617
  texcoord -0.0331 0.5000
  texcoord -0.0331 1.8584
  texcoord -0.0331 2.4785
  texcoord -0.0331 -0.1201
  texcoord -0.0331 -1.4785
  texcoord -0.0220 1.0483
  texcoord -0.0220 -0.0483
  texcoord 0.0555 0.5000
  texcoord 0.0555 -0.1201
  texcoord 0.0555 1.8584
  texcoord 0.0555 -1.4785
  texcoord 0.0555 2.4785
  texcoord 0.1250 0.5000
  texcoord 0.1250 0.7500
  texcoord 0.3689 -0.7617
  texcoord 0.3689 -0.3663
  texcoord 0.3689 0.5000
  texcoord 0.3689 0.8955
  texcoord 0.3689 1.7617
  texcoord 0.3750 0.5000
  texcoord 0.3750 0.7500
  texcoord 0.4786 -0.0483
  texcoord 0.4786 1.0483
  #matref Cube.038_Cube.016 # group?_concrete
  matref concrete
  face
    vertices 0 8 9 2
    normals 2 25 29 8
    texcoords 0 19 20 1
  endface
  face
    vertices 2 6 4 0
    normals 6 18 12 0
    texcoords 17 24 25 18
  endface
  face
    vertices 2 9 10 6
    normals 7 28 33 20
    texcoords 1 20 21 2
  endface
  face
    vertices 4 11 8 0
    normals 13 36 24 1
    texcoords 3 22 23 4
  endface
  face
    vertices 6 10 11 4
    normals 19 32 37 14
    texcoords 2 21 22 3
  endface
  #matref Cube.038_Cube.016 # group?_concrete_dark
  matref concrete_dark
  face
    vertices 1 5 7 3
    normals 5 17 23 11
    texcoords 10 11 26 27
  endface
  face
    vertices 1 8 11 5
    normals 4 27 39 16
    texcoords 9 15 13 8
  endface
  face
    vertices 3 9 8 1
    normals 9 30 26 3
    texcoords 6 14 16 7
  endface
  face
    vertices 5 11 10 7
    normals 15 38 35 22
    texcoords 8 13 12 5
  endface
  face
    vertices 7 10 9 3
    normals 21 34 31 10
    texcoords 5 12 14 6
  endface
end
mesh
  name Cube.037_Cube.012
  #12 vertices, 10 faces
  vertex -21.9721 34.8043 16.9633
  vertex -23.1518 36.4687 24.1880
  vertex -38.0400 57.4734 9.1170
  vertex -39.2198 59.1378 16.3417
  vertex -6.2684 45.9352 16.9633
  vertex -7.4481 47.5996 24.1880
  vertex -22.3363 68.6042 9.1170
  vertex -23.5161 70.2687 16.3417
  vertex -22.9749 36.2191 23.1043
  vertex -39.0428 58.8881 15.2580
  vertex -23.3391 70.0190 15.2580
  vertex -7.2712 47.3499 23.1043
  normal 0.1571 -0.2217 -0.9624
  normal 0.5565 -0.7851 0.2718
  normal -0.8158 -0.5783 0.0000
  normal -0.8158 -0.5783 -0.0000
  normal 0.5565 -0.7851 0.2718
  normal -0.1571 0.2217 0.9624
  normal 0.1571 -0.2217 -0.9624
  normal -0.5565 0.7851 -0.2718
  normal -0.8158 -0.5783 0.0000
  normal -0.8158 -0.5783 -0.0000
  normal -0.5565 0.7851 -0.2718
  normal -0.1571 0.2217 0.9624
  normal 0.1571 -0.2217 -0.9624
  normal 0.5565 -0.7851 0.2718
  normal 0.8158 0.5783 -0.0000
  normal 0.8158 0.5783 -0.0000
  normal 0.5565 -0.7851 0.2718
  normal -0.1571 0.2217 0.9624
  normal 0.1571 -0.2217 -0.9624
  normal 0.8158 0.5783 -0.0000
  normal -0.5565 0.7851 -0.2718
  normal -0.5565 0.7851 -0.2718
  normal 0.8158 0.5783 -0.0000
  normal -0.1571 0.2217 0.9624
  normal -0.8158 -0.5783 -0.0000
  normal 0.5565 -0.7851 0.2718
  normal 0.5565 -0.7851 0.2718
  normal -0.8158 -0.5783 0.0000
  normal -0.8158 -0.5783 -0.0000
  normal -0.5565 0.7851 -0.2718
  normal -0.5565 0.7851 -0.2718
  normal -0.8158 -0.5783 0.0000
  normal -0.5565 0.7851 -0.2718
  normal 0.8158 0.5783 -0.0000
  normal 0.8158 0.5783 -0.0000
  normal -0.5565 0.7851 -0.2718
  normal 0.8158 0.5783 -0.0000
  normal 0.5565 -0.7851 0.2718
  normal 0.5565 -0.7851 0.2718
  normal 0.8158 0.5783 -0.0000
  texcoord -4.5210 0.0001
  texcoord -4.5210 0.9999
  texcoord -4.3224 0.2521
  texcoord -4.3224 0.0480
  texcoord -2.3934 0.2521
  texcoord -2.3934 0.0480
  texcoord -1.6319 0.0001
  texcoord -1.6319 0.9999
  texcoord -1.0968 -0.7312
  texcoord -1.0968 1.3979
  texcoord 0.1250 0.5000
  texcoord 0.1250 0.7500
  texcoord 0.2941 0.0001
  texcoord 0.2942 0.9999
  texcoord 0.3750 0.5000
  texcoord 0.3750 0.7500
  texcoord 0.5000 0.0480
  texcoord 0.5000 0.2521
  texcoord 2.0968 -0.7312
  texcoord 2.0968 1.3979
  texcoord 2.4290 0.0480
  texcoord 2.4290 0.2521
  texcoord 3.1832 0.0001
  texcoord 3.1832 0.9999
  texcoord 5.1093 0.0001
  texcoord 5.1093 0.9999
  texcoord 5.3224 0.0480
  texcoord 5.3224 0.2521
  #matref Cube.037_Cube.012 # group?_concrete
  matref concrete
  face
    vertices 0 8 9 2
    normals 2 27 31 8
    texcoords 1 0 6 7
  endface
  face
    vertices 1 5 7 3
    normals 5 17 23 11
    texcoords 18 19 9 8
  endface
  face
    vertices 1 8 11 5
    normals 4 25 37 16
    texcoords 2 3 5 4
  endface
  face
    vertices 2 6 4 0
    normals 6 18 12 0
    texcoords 10 14 15 11
  endface
  face
    vertices 2 9 10 6
    normals 7 30 35 20
    texcoords 7 6 12 13
  endface
  face
    vertices 3 9 8 1
    normals 9 28 24 3
    texcoords 21 20 26 27
  endface
  face
    vertices 4 11 8 0
    normals 13 38 26 1
    texcoords 23 22 24 25
  endface
  face
    vertices 5 11 10 7
    normals 15 36 33 22
    texcoords 4 5 16 17
  endface
  face
    vertices 6 10 11 4
    normals 19 34 39 14
    texcoords 13 12 22 23
  endface
  face
    vertices 7 10 9 3
    normals 21 32 29 10
    texcoords 17 16 20 21
  endface
end
mesh
  name Cube.029_Cube.012
  #12 vertices, 10 faces
  vertex 1.6634 51.7341 24.0420
  vertex 3.4449 57.7193 28.2087
  vertex 6.2350 67.0934 0.0249
  vertex 8.0164 73.0787 4.1916
  vertex 20.1120 46.2431 24.0420
  vertex 21.8935 52.2283 28.2087
  vertex 24.6836 61.6024 0.0249
  vertex 26.4650 67.5877 4.1916
  vertex 3.1776 56.8215 27.5837
  vertex 7.7492 72.1809 3.5666
  vertex 26.1978 66.6899 3.5666
  vertex 21.6262 51.3305 27.5837
  normal -0.2373 -0.7973 -0.5550
  normal -0.1583 -0.5320 0.8318
  normal -0.9584 0.2853 -0.0000
  normal -0.9584 0.2853 0.0000
  normal -0.1583 -0.5320 0.8318
  normal 0.2373 0.7973 0.5550
  normal -0.2373 -0.7973 -0.5550
  normal 0.1583 0.5320 -0.8318
  normal -0.9584 0.2853 -0.0000
  normal -0.9584 0.2853 0.0000
  normal 0.1583 0.5320 -0.8318
  normal 0.2373 0.7973 0.5550
  normal -0.2373 -0.7973 -0.5550
  normal -0.1583 -0.5320 0.8318
  normal 0.9584 -0.2853 -0.0000
  normal 0.9584 -0.2853 0.0000
  normal -0.1583 -0.5320 0.8318
  normal 0.2373 0.7973 0.5550
  normal -0.2373 -0.7973 -0.5550
  normal 0.9584 -0.2853 -0.0000
  normal 0.1583 0.5320 -0.8318
  normal 0.1583 0.5320 -0.8318
  normal 0.9584 -0.2853 0.0000
  normal 0.2373 0.7973 0.5550
  normal -0.9584 0.2853 0.0000
  normal -0.1583 -0.5320 0.8318
  normal -0.1583 -0.5320 0.8318
  normal -0.9584 0.2853 -0.0000
  normal -0.9584 0.2853 0.0000
  normal 0.1583 0.5320 -0.8318
  normal 0.1583 0.5320 -0.8318
  normal -0.9584 0.2853 -0.0000
  normal 0.1583 0.5320 -0.8318
  normal 0.9584 -0.2853 0.0000
  normal 0.9584 -0.2853 -0.0000
  normal 0.1583 0.5320 -0.8318
  normal 0.9584 -0.2853 0.0000
  normal -0.1583 -0.5320 0.8318
  normal -0.1583 -0.5320 0.8318
  normal 0.9584 -0.2853 -0.0000
  texcoord -4.5210 0.0001
  texcoord -4.5210 0.9999
  texcoord -4.3224 0.2521
  texcoord -4.3224 0.0480
  texcoord -2.3934 0.2521
  texcoord -2.3934 0.0480
  texcoord -1.6319 0.0001
  texcoord -1.6319 0.9999
  texcoord -1.0968 -0.7312
  texcoord -1.0968 1.3979
  texcoord 0.1250 0.5000
  texcoord 0.1250 0.7500
  texcoord 0.2941 0.0001
  texcoord 0.2942 0.9999
  texcoord 0.3750 0.5000
  texcoord 0.3750 0.7500
  texcoord 0.5000 0.0480
  texcoord 0.5000 0.2521
  texcoord 2.0968 -0.7312
  texcoord 2.0968 1.3979
  texcoord 2.4290 0.0480
  texcoord 2.4290 0.2521
  texcoord 3.1832 0.0001
  texcoord 3.1832 0.9999
  texcoord 5.1093 0.0001
  texcoord 5.1093 0.9999
  texcoord 5.3224 0.0480
  texcoord 5.3224 0.2521
  #matref Cube.029_Cube.012 # group?_concrete
  matref concrete
  face
    vertices 0 8 9 2
    normals 2 27 31 8
    texcoords 1 0 6 7
  endface
  face
    vertices 1 5 7 3
    normals 5 17 23 11
    texcoords 18 19 9 8
  endface
  face
    vertices 1 8 11 5
    normals 4 25 37 16
    texcoords 2 3 5 4
  endface
  face
    vertices 2 6 4 0
    normals 6 18 12 0
    texcoords 10 14 15 11
  endface
  face
    vertices 2 9 10 6
    normals 7 30 35 20
    texcoords 7 6 12 13
  endface
  face
    vertices 3 9 8 1
    normals 9 28 24 3
    texcoords 21 20 26 27
  endface
  face
    vertices 4 11 8 0
    normals 13 38 26 1
