# Exported from Wings 3D 2.2.4

























mesh
  name green_castle_tower_Cube.001
  #432 vertices, 404 faces
  vertex -21.2128 417.1930 40.0000
  vertex -21.2128 417.1930 82.0000
  vertex -19.7986 418.6072 40.0000
  vertex -19.7986 418.6072 82.0000
  vertex -14.1417 410.1219 40.0000
  vertex -14.1417 410.1219 82.0000
  vertex -12.7275 411.5362 40.0000
  vertex -12.7275 411.5362 82.0000
  vertex -18.3844 417.1930 40.0000
  vertex -18.3844 417.1930 82.0000
  vertex -19.7986 415.7788 40.0000
  vertex -19.7986 415.7788 82.0000
  vertex -14.1417 424.2641 40.0000
  vertex -14.1417 424.2641 82.0000
  vertex -12.7275 422.8499 40.0000
  vertex -12.7275 422.8499 82.0000
  vertex 0.0004 395.9798 40.0000
  vertex 0.0004 395.9798 82.0000
  vertex -1.4138 397.3940 40.0000
  vertex -1.4138 397.3940 82.0000
  vertex 7.0715 403.0508 40.0000
  vertex 7.0715 403.0508 82.0000
  vertex 5.6573 404.4651 40.0000
  vertex 5.6573 404.4651 82.0000
  vertex 0.0004 398.8082 40.0000
  vertex 0.0004 398.8082 82.0000
  vertex 1.4146 397.3940 40.0000
  vertex 1.4146 397.3940 82.0000
  vertex -7.0707 403.0509 40.0000
  vertex -7.0707 403.0509 82.0000
  vertex -5.6565 404.4651 40.0000
  vertex -5.6565 404.4651 82.0000
  vertex 0.0004 395.9798 50.0000
  vertex -1.4138 397.3940 50.0000
  vertex 5.6573 404.4651 50.0000
  vertex 7.0715 403.0508 50.0000
  vertex 1.4146 397.3940 50.0000
  vertex 0.0004 398.8082 50.0000
  vertex -7.0707 403.0509 50.0000
  vertex -5.6565 404.4651 50.0000
  vertex -21.2128 417.1930 50.0000
  vertex -19.7986 418.6072 50.0000
  vertex -12.7275 411.5362 50.0000
  vertex -14.1417 410.1219 50.0000
  vertex -19.7986 415.7788 50.0000
  vertex -18.3844 417.1930 50.0000
  vertex -14.1417 424.2641 50.0000
  vertex -12.7275 422.8499 50.0000
  vertex 21.2136 417.1930 40.0000
  vertex 21.2136 417.1930 82.0000
  vertex 19.7994 415.7787 40.0000
  vertex 19.7994 415.7787 82.0000
  vertex 14.1426 424.2640 40.0000
  vertex 14.1426 424.2640 82.0000
  vertex 12.7283 422.8499 40.0000
  vertex 12.7283 422.8499 82.0000
  vertex 18.3852 417.1930 40.0000
  vertex 18.3852 417.1930 82.0000
  vertex 19.7994 418.6072 40.0000
  vertex 19.7994 418.6072 82.0000
  vertex 14.1425 410.1219 40.0000
  vertex 14.1425 410.1219 82.0000
  vertex 12.7283 411.5361 40.0000
  vertex 12.7283 411.5361 82.0000
  vertex 0.0004 438.4062 40.0000
  vertex 0.0004 438.4062 82.0000
  vertex 1.4147 436.9920 40.0000
  vertex 1.4147 436.9920 82.0000
  vertex -7.0706 431.3351 40.0000
  vertex -7.0706 431.3351 82.0000
  vertex -5.6564 429.9209 40.0000
  vertex -5.6564 429.9209 82.0000
  vertex 0.0004 435.5778 40.0000
  vertex 0.0004 435.5778 82.0000
  vertex -1.4138 436.9920 40.0000
  vertex -1.4138 436.9920 82.0000
  vertex 7.0715 431.3351 40.0000
  vertex 7.0715 431.3351 82.0000
  vertex 5.6573 429.9209 40.0000
  vertex 5.6573 429.9209 82.0000
  vertex 0.0004 438.4062 50.0000
  vertex 1.4147 436.9920 50.0000
  vertex -5.6564 429.9209 50.0000
  vertex -7.0706 431.3351 50.0000
  vertex -1.4138 436.9920 50.0000
  vertex 0.0004 435.5778 50.0000
  vertex 7.0715 431.3351 50.0000
  vertex 5.6573 429.9209 50.0000
  vertex 21.2136 417.1930 50.0000
  vertex 19.7994 415.7787 50.0000
  vertex 12.7283 422.8499 50.0000
  vertex 14.1426 424.2640 50.0000
  vertex 19.7994 418.6072 50.0000
  vertex 18.3852 417.1930 50.0000
  vertex 14.1425 410.1219 50.0000
  vertex 12.7283 411.5361 50.0000
  vertex -21.2128 417.1930 80.0000
  vertex 0.0004 395.9798 80.0000
  vertex -1.4138 397.3940 80.0000
  vertex 7.0715 403.0508 80.0000
  vertex 1.4146 397.3940 80.0000
  vertex -7.0707 403.0509 80.0000
  vertex -19.7986 418.6072 80.0000
  vertex -14.1417 410.1219 80.0000
  vertex -19.7986 415.7788 80.0000
  vertex -14.1417 424.2641 80.0000
  vertex 21.2136 417.1930 80.0000
  vertex 0.0004 438.4062 80.0000
  vertex 1.4147 436.9920 80.0000
  vertex -7.0706 431.3351 80.0000
  vertex -1.4138 436.9920 80.0000
  vertex 7.0715 431.3351 80.0000
  vertex 19.7994 415.7787 80.0000
  vertex 14.1426 424.2640 80.0000
  vertex 19.7994 418.6072 80.0000
  vertex 14.1425 410.1219 80.0000
  vertex 5.6573 404.4651 80.0000
  vertex 0.0004 398.8082 80.0000
  vertex -5.6565 404.4651 80.0000
  vertex -12.7275 411.5362 80.0000
  vertex -18.3844 417.1930 80.0000
  vertex -12.7275 422.8499 80.0000
  vertex -5.6564 429.9209 80.0000
  vertex 0.0004 435.5778 80.0000
  vertex 5.6573 429.9209 80.0000
  vertex 12.7283 422.8499 80.0000
  vertex 18.3852 417.1930 80.0000
  vertex 12.7283 411.5361 80.0000
  vertex -21.2128 417.1930 95.0000
  vertex -19.7986 418.6072 95.0000
  vertex -18.3844 417.1930 95.0000
  vertex -12.7275 411.5362 95.0000
  vertex -14.1417 410.1219 95.0000
  vertex -19.7986 415.7788 95.0000
  vertex -14.1417 424.2641 95.0000
  vertex -12.7275 422.8499 95.0000
  vertex 0.0004 395.9798 95.0000
  vertex -1.4138 397.3940 95.0000
  vertex 0.0004 398.8082 95.0000
  vertex 5.6573 404.4651 95.0000
  vertex 7.0715 403.0508 95.0000
  vertex 1.4146 397.3940 95.0000
  vertex -7.0707 403.0509 95.0000
  vertex -5.6565 404.4651 95.0000
  vertex 21.2136 417.1930 95.0000
  vertex 19.7994 415.7787 95.0000
  vertex 18.3852 417.1930 95.0000
  vertex 12.7283 422.8499 95.0000
  vertex 14.1426 424.2640 95.0000
  vertex 19.7994 418.6072 95.0000
  vertex 14.1425 410.1219 95.0000
  vertex 12.7283 411.5361 95.0000
  vertex 0.0004 438.4062 95.0000
  vertex 1.4147 436.9920 95.0000
  vertex 0.0004 435.5778 95.0000
  vertex -5.6564 429.9209 95.0000
  vertex -7.0706 431.3351 95.0000
  vertex -1.4138 436.9920 95.0000
  vertex 7.0715 431.3351 95.0000
  vertex 5.6573 429.9209 95.0000
  vertex -21.2128 417.1930 100.0000
  vertex -19.7986 418.6072 100.0000
  vertex -18.3844 417.1930 100.0000
  vertex -12.7275 411.5362 100.0000
  vertex -14.1417 410.1219 100.0000
  vertex -19.7986 415.7788 100.0000
  vertex -14.1417 424.2641 100.0000
  vertex -12.7275 422.8499 100.0000
  vertex 0.0004 395.9798 100.0000
  vertex -1.4138 397.3940 100.0000
  vertex 0.0004 398.8082 100.0000
  vertex 5.6573 404.4651 100.0000
  vertex 7.0715 403.0508 100.0000
  vertex 1.4146 397.3940 100.0000
  vertex -7.0707 403.0509 100.0000
  vertex -5.6565 404.4651 100.0000
  vertex 21.2136 417.1930 100.0000
  vertex 19.7994 415.7787 100.0000
  vertex 18.3852 417.1930 100.0000
  vertex 12.7283 422.8499 100.0000
  vertex 14.1426 424.2640 100.0000
  vertex 19.7994 418.6072 100.0000
  vertex 14.1425 410.1219 100.0000
  vertex 12.7283 411.5361 100.0000
  vertex 0.0004 438.4062 100.0000
  vertex 1.4147 436.9920 100.0000
  vertex 0.0004 435.5778 100.0000
  vertex -5.6564 429.9209 100.0000
  vertex -7.0706 431.3351 100.0000
  vertex -1.4138 436.9920 100.0000
  vertex 7.0715 431.3351 100.0000
  vertex 5.6573 429.9209 100.0000
  vertex 12.7283 422.8499 98.0000
  vertex -18.3844 417.1930 98.0000
  vertex -12.7275 422.8499 98.0000
  vertex 5.6573 429.9209 98.0000
  vertex 0.0004 398.8082 98.0000
  vertex 5.6573 404.4651 98.0000
  vertex 0.0004 435.5778 98.0000
  vertex 12.7283 411.5361 98.0000
  vertex -12.7275 411.5362 98.0000
  vertex 18.3852 417.1930 98.0000
  vertex -5.6565 404.4651 98.0000
  vertex -5.6564 429.9209 98.0000
  vertex -21.2128 417.1930 102.0000
  vertex -19.7986 418.6072 102.0000
  vertex -18.3844 417.1930 102.0000
  vertex -12.7275 411.5362 102.0000
  vertex -14.1417 410.1219 102.0000
  vertex -19.7986 415.7788 102.0000
  vertex -14.1417 424.2641 102.0000
  vertex -12.7275 422.8499 102.0000
  vertex 0.0004 395.9798 102.0000
  vertex -1.4138 397.3940 102.0000
  vertex 0.0004 398.8082 102.0000
  vertex 5.6573 404.4651 102.0000
  vertex 7.0715 403.0508 102.0000
  vertex 1.4146 397.3940 102.0000
  vertex -7.0707 403.0509 102.0000
  vertex -5.6565 404.4651 102.0000
  vertex 21.2136 417.1930 102.0000
  vertex 19.7994 415.7787 102.0000
  vertex 18.3852 417.1930 102.0000
  vertex 12.7283 422.8499 102.0000
  vertex 14.1426 424.2640 102.0000
  vertex 19.7994 418.6072 102.0000
  vertex 14.1425 410.1219 102.0000
  vertex 12.7283 411.5361 102.0000
  vertex 0.0004 438.4062 102.0000
  vertex 1.4147 436.9920 102.0000
  vertex 0.0004 435.5778 102.0000
  vertex -5.6564 429.9209 102.0000
  vertex -7.0706 431.3351 102.0000
  vertex -1.4138 436.9920 102.0000
  vertex 7.0715 431.3351 102.0000
  vertex 5.6573 429.9209 102.0000
  vertex 14.1425 412.9503 40.0000
  vertex 15.5568 411.5361 40.0000
  vertex 15.5568 411.5361 82.0000
  vertex 15.5568 411.5361 50.0000
  vertex 14.1425 412.9503 50.0000
  vertex 15.5568 411.5361 80.0000
  vertex 14.1425 412.9503 80.0000
  vertex 15.5568 411.5361 95.0000
  vertex 14.1425 412.9503 100.0000
  vertex 15.5568 411.5361 100.0000
  vertex 14.1425 412.9503 102.0000
  vertex 15.5568 411.5361 102.0000
  vertex 5.6573 401.6367 40.0000
  vertex 4.2430 403.0508 40.0000
  vertex 5.6573 401.6367 82.0000
  vertex 5.6573 401.6367 50.0000
  vertex 4.2430 403.0508 50.0000
  vertex 5.6573 401.6367 80.0000
  vertex 4.2430 403.0508 80.0000
  vertex 5.6573 401.6367 95.0000
  vertex 4.2430 403.0508 100.0000
  vertex 5.6573 401.6367 100.0000
  vertex 4.2430 403.0508 102.0000
  vertex 5.6573 401.6367 102.0000
  vertex -14.1417 424.2641 97.0000
  vertex -19.7986 418.6072 97.0000
  vertex 14.1426 424.2640 97.0000
  vertex -1.4138 436.9920 97.0000
  vertex -7.0706 431.3351 97.0000
  vertex 19.7994 418.6072 97.0000
  vertex 21.2136 417.1930 97.0000
  vertex 0.0004 395.9798 97.0000
  vertex -1.4138 397.3940 97.0000
  vertex 7.0715 431.3351 97.0000
  vertex 7.0715 403.0508 97.0000
  vertex 1.4147 436.9920 97.0000
  vertex 1.4146 397.3940 97.0000
  vertex -21.2128 417.1930 97.0000
  vertex 14.1425 410.1219 97.0000
  vertex -14.1417 410.1219 97.0000
  vertex 19.7994 415.7787 97.0000
  vertex -19.7986 415.7788 97.0000
  vertex 0.0004 438.4062 97.0000
  vertex -7.0707 403.0509 97.0000
  vertex 15.5568 411.5361 97.0000
  vertex 5.6573 401.6367 97.0000
  vertex -1.4138 397.3940 52.0000
  vertex 7.0715 403.0508 52.0000
  vertex 1.4146 397.3940 52.0000
  vertex -7.0707 403.0509 52.0000
  vertex -19.7986 418.6072 52.0000
  vertex -14.1417 410.1219 52.0000
  vertex -19.7986 415.7788 52.0000
  vertex -14.1417 424.2641 52.0000
  vertex 1.4147 436.9920 52.0000
  vertex -7.0706 431.3351 52.0000
  vertex -1.4138 436.9920 52.0000
  vertex 7.0715 431.3351 52.0000
  vertex 19.7994 415.7787 52.0000
  vertex 14.1426 424.2640 52.0000
  vertex 19.7994 418.6072 52.0000
  vertex 14.1425 410.1219 52.0000
  vertex -21.2128 417.1930 52.0000
  vertex 0.0004 395.9798 52.0000
  vertex 21.2136 417.1930 52.0000
  vertex 0.0004 438.4062 52.0000
  vertex 15.5568 411.5361 52.0000
  vertex 5.6573 401.6367 52.0000
  vertex 4.2431 431.3351 40.0000
  vertex 5.6573 432.7493 40.0000
  vertex 5.6573 432.7493 82.0000
  vertex 5.6573 432.7493 50.0000
  vertex 4.2431 431.3351 50.0000
  vertex 5.6573 432.7493 80.0000
  vertex 4.2431 431.3351 80.0000
  vertex 5.6573 432.7493 95.0000
  vertex 4.2431 431.3351 100.0000
  vertex 5.6573 432.7493 100.0000
  vertex 4.2431 431.3351 102.0000
  vertex 5.6573 432.7493 102.0000
  vertex 5.6573 432.7493 97.0000
  vertex 5.6573 432.7493 52.0000
  vertex 15.5568 422.8499 40.0000
  vertex 14.1426 421.4356 40.0000
  vertex 15.5568 422.8499 82.0000
  vertex 15.5568 422.8499 50.0000
  vertex 14.1426 421.4356 50.0000
  vertex 15.5568 422.8499 80.0000
  vertex 14.1426 421.4356 80.0000
  vertex 15.5568 422.8499 95.0000
  vertex 14.1426 421.4356 100.0000
  vertex 15.5568 422.8499 100.0000
  vertex 14.1426 421.4356 102.0000
  vertex 15.5568 422.8499 102.0000
  vertex 15.5568 422.8499 97.0000
  vertex 15.5568 422.8499 52.0000
  vertex -15.5559 411.5362 40.0000
  vertex -14.1417 412.9504 40.0000
  vertex -15.5559 411.5362 82.0000
  vertex -15.5559 411.5362 50.0000
  vertex -14.1417 412.9504 50.0000
  vertex -15.5559 411.5362 80.0000
  vertex -14.1417 412.9504 80.0000
  vertex -15.5559 411.5362 95.0000
  vertex -14.1417 412.9504 100.0000
  vertex -15.5559 411.5362 100.0000
  vertex -14.1417 412.9504 102.0000
  vertex -15.5559 411.5362 102.0000
  vertex -15.5559 411.5362 97.0000
  vertex -15.5559 411.5362 52.0000
  vertex -4.2422 403.0509 40.0000
  vertex -5.6565 401.6367 40.0000
  vertex -5.6565 401.6367 82.0000
  vertex -5.6565 401.6367 50.0000
  vertex -4.2422 403.0509 50.0000
  vertex -5.6565 401.6367 80.0000
  vertex -4.2422 403.0509 80.0000
  vertex -5.6565 401.6367 95.0000
  vertex -4.2422 403.0509 100.0000
  vertex -5.6565 401.6367 100.0000
  vertex -4.2422 403.0509 102.0000
  vertex -5.6565 401.6367 102.0000
  vertex -5.6565 401.6367 97.0000
  vertex -5.6565 401.6367 52.0000
  vertex -5.6564 432.7494 40.0000
  vertex -4.2422 431.3351 40.0000
  vertex -5.6564 432.7494 82.0000
  vertex -5.6564 432.7494 50.0000
  vertex -4.2422 431.3351 50.0000
  vertex -5.6564 432.7494 80.0000
  vertex -4.2422 431.3351 80.0000
  vertex -5.6564 432.7494 95.0000
  vertex -4.2422 431.3351 100.0000
  vertex -5.6564 432.7494 100.0000
  vertex -4.2422 431.3351 102.0000
  vertex -5.6564 432.7494 102.0000
  vertex -5.6564 432.7494 97.0000
  vertex -5.6564 432.7494 52.0000
  vertex -14.1417 421.4357 40.0000
  vertex -15.5559 422.8499 40.0000
  vertex -15.5559 422.8499 82.0000
  vertex -15.5559 422.8499 50.0000
  vertex -14.1417 421.4357 50.0000
  vertex -15.5559 422.8499 80.0000
  vertex -14.1417 421.4357 80.0000
  vertex -15.5559 422.8499 95.0000
  vertex -14.1417 421.4357 100.0000
  vertex -15.5559 422.8499 100.0000
  vertex -14.1417 421.4357 102.0000
  vertex -15.5559 422.8499 102.0000
  vertex -15.5559 422.8499 97.0000
  vertex -15.5559 422.8499 52.0000
  vertex 5.6573 404.4651 52.0000
  vertex 0.0004 398.8082 52.0000
  vertex -5.6565 404.4651 52.0000
  vertex -12.7275 411.5362 52.0000
  vertex -18.3844 417.1930 52.0000
  vertex -12.7275 422.8499 52.0000
  vertex -5.6564 429.9209 52.0000
  vertex 0.0004 435.5778 52.0000
  vertex 5.6573 429.9209 52.0000
  vertex 12.7283 422.8499 52.0000
  vertex 18.3852 417.1930 52.0000
  vertex 12.7283 411.5361 52.0000
  vertex 14.1425 412.9503 52.0000
  vertex 4.2430 403.0508 52.0000
  vertex 4.2431 431.3351 52.0000
  vertex 14.1426 421.4356 52.0000
  vertex -14.1417 412.9504 52.0000
  vertex -4.2422 403.0509 52.0000
  vertex -4.2422 431.3351 52.0000
  vertex -14.1417 421.4357 52.0000
  vertex -4.2422 431.3351 82.0000
  vertex -4.2422 431.3351 95.0000
  vertex -4.2422 431.3351 98.0000
  vertex -14.1417 421.4357 82.0000
  vertex -14.1417 421.4357 95.0000
  vertex -14.1417 421.4357 98.0000
  vertex -14.1417 412.9504 82.0000
  vertex -14.1417 412.9504 95.0000
  vertex -14.1417 412.9504 98.0000
  vertex -4.2422 403.0509 82.0000
  vertex -4.2422 403.0509 95.0000
  vertex -4.2422 403.0509 98.0000
  vertex 4.2430 403.0508 82.0000
  vertex 4.2430 403.0508 95.0000
  vertex 4.2430 403.0508 98.0000
  vertex 14.1425 412.9503 82.0000
  vertex 14.1425 412.9503 95.0000
  vertex 14.1425 412.9503 98.0000
  vertex 14.1426 421.4356 82.0000
  vertex 14.1426 421.4356 95.0000
  vertex 14.1426 421.4356 98.0000
  vertex 4.2431 431.3351 82.0000
  vertex 4.2431 431.3351 95.0000
  vertex 4.2431 431.3351 98.0000
  normal 0.0000 0.0000 -1.0000
  normal -0.7071 -0.7071 0.0000
  normal -0.7071 0.7071 0.0000
  normal -0.7071 0.7071 0.0000
  normal -0.7071 -0.7071 0.0000
  normal -0.7071 -0.7071 0.0000
  normal -0.7071 0.7071 0.0000
  normal 0.0000 0.0000 -1.0000
  normal -0.7071 0.7071 0.0000
  normal 0.0000 0.0000 -1.0000
  normal -0.7071 0.7071 0.0000
  normal -0.7071 0.7071 0.0000
  normal -0.7071 0.7071 0.0000
  normal -0.7071 0.7071 0.0000
  normal -0.7071 0.7071 0.0000
  normal 0.0000 0.0000 -1.0000
  normal 0.7071 -0.7071 0.0000
  normal -0.7071 -0.7071 0.0000
  normal -0.7071 -0.7071 0.0000
  normal 0.0000 0.0000 1.0000
  normal -0.7071 -0.7071 0.0000
  normal 0.7071 -0.7071 0.0000
  normal -0.7071 -0.7071 0.0000
  normal 0.0000 0.0000 -1.0000
  normal 0.7071 -0.7071 0.0000
  normal 0.7071 0.7071 0.0000
  normal 0.0000 0.0000 1.0000
  normal -0.0000 0.0000 1.0000
  normal 0.7071 -0.7071 0.0000
  normal 0.7071 0.7071 0.0000
  normal 0.0000 0.0000 -1.0000
  normal 0.7071 0.7071 0.0000
  normal 0.0000 0.0000 -1.0000
  normal 0.0000 0.0000 -1.0000
  normal 0.7071 -0.7071 0.0000
  normal 0.7071 0.7071 0.0000
  normal 0.7071 -0.7071 0.0000
  normal -0.0000 0.0000 1.0000
  normal 0.0000 0.0000 -1.0000
  normal -0.7071 -0.7071 0.0000
  normal 0.0000 0.0000 -1.0000
  normal -0.7071 -0.7071 0.0000
  normal -0.7071 -0.7071 0.0000
  normal -0.7071 -0.7071 0.0000
  normal -0.7071 -0.7071 0.0000
  normal -0.7071 -0.7071 0.0000
  normal 0.0000 0.0000 -1.0000
  normal -0.7071 0.7071 0.0000
  normal 0.7071 0.7071 0.0000
  normal -0.7071 0.7071 0.0000
  normal 0.0000 0.0000 1.0000
  normal -0.7071 0.7071 0.0000
  normal 0.7071 0.7071 0.0000
  normal -0.7071 0.7071 0.0000
  normal 0.0000 0.0000 -1.0000
  normal 0.7071 -0.7071 0.0000
  normal 0.7071 0.7071 0.0000
  normal 0.7071 -0.7071 0.0000
  normal 0.0000 0.0000 1.0000
  normal -0.0000 0.0000 1.0000
  normal 0.7071 0.7071 0.0000
  normal 0.0000 0.0000 -1.0000
  normal 0.7071 -0.7071 0.0000
  normal -0.7071 -0.7071 0.0000
  normal -0.7071 -0.7071 0.0000
  normal 0.7071 -0.7071 0.0000
  normal 0.7071 -0.7071 0.0000
  normal -0.7071 -0.7071 0.0000
  normal 0.0000 0.0000 -1.0000
  normal -0.7071 -0.7071 0.0000
  normal 0.0000 0.0000 -1.0000
  normal -0.7071 -0.7071 0.0000
  normal -0.7071 -0.7071 0.0000
  normal -0.7071 -0.7071 0.0000
  normal -0.7071 -0.7071 0.0000
  normal -0.7071 -0.7071 0.0000
  normal 0.0000 0.0000 -1.0000
  normal 0.7071 0.7071 0.0000
  normal 0.7071 -0.7071 0.0000
  normal 0.7071 -0.7071 0.0000
  normal 0.0000 0.0000 1.0000
  normal 0.7071 -0.7071 0.0000
  normal 0.7071 0.7071 0.0000
  normal 0.7071 -0.7071 0.0000
  normal 0.0000 0.0000 -1.0000
  normal 0.7071 0.7071 0.0000
  normal -0.7071 0.7071 0.0000
  normal 0.0000 0.0000 1.0000
  normal -0.0000 0.0000 1.0000
  normal 0.7071 0.7071 0.0000
  normal -0.7071 0.7071 0.0000
  normal 0.0000 0.0000 -1.0000
  normal -0.7071 0.7071 0.0000
  normal 0.0000 0.0000 -1.0000
  normal 0.0000 0.0000 -1.0000
  normal 0.7071 0.7071 0.0000
  normal -0.7071 0.7071 0.0000
  normal 0.7071 0.7071 0.0000
  normal -0.0000 0.0000 1.0000
  normal 0.0000 0.0000 -1.0000
  normal 0.7071 -0.7071 0.0000
  normal 0.0000 0.0000 -1.0000
  normal 0.7071 -0.7071 0.0000
  normal 0.7071 -0.7071 0.0000
  normal 0.7071 -0.7071 0.0000
  normal 0.7071 -0.7071 0.0000
  normal 0.7071 -0.7071 0.0000
  normal 0.0000 0.0000 -1.0000
  normal -0.7071 -0.7071 0.0000
  normal -0.7071 0.7071 0.0000
  normal -0.7071 -0.7071 0.0000
  normal -0.7071 -0.7071 0.0000
  normal 0.0000 0.0000 1.0000
  normal -0.7071 0.7071 0.0000
  normal -0.7071 -0.7071 0.0000
  normal 0.0000 0.0000 -1.0000
  normal 0.7071 0.7071 0.0000
  normal -0.7071 0.7071 0.0000
  normal 0.0000 0.0000 1.0000
  normal 0.7071 0.7071 0.0000
  normal -0.0000 0.0000 1.0000
  normal -0.7071 0.7071 0.0000
  normal 0.7071 -0.7071 0.0000
  normal -0.7071 -0.7071 0.0000
  normal -0.7071 -0.7071 0.0000
  normal 0.7071 -0.7071 0.0000
  normal -0.7071 -0.7071 0.0000
  normal -0.7071 -0.7071 0.0000
  normal -0.7071 -0.7071 0.0000
  normal -0.7071 -0.7071 0.0000
  normal -0.0000 -0.0000 -1.0000
  normal 0.7071 0.7071 0.0000
  normal -0.7071 0.7071 0.0000
  normal -0.7071 0.7071 0.0000
  normal -0.7071 0.7071 0.0000
  normal -0.0000 -0.0000 -1.0000
  normal 0.7071 0.7071 0.0000
  normal 0.7071 -0.7071 0.0000
  normal 0.7071 -0.7071 0.0000
  normal 0.7071 -0.7071 0.0000
  normal 0.7071 -0.7071 0.0000
  normal 0.7071 -0.7071 0.0000
  normal 0.7071 -0.7071 0.0000
  normal 0.7071 -0.7071 0.0000
  normal -0.7071 0.7071 0.0000
  normal 0.7071 0.7071 0.0000
  normal 0.7071 0.7071 0.0000
  normal -0.7071 0.7071 0.0000
  normal 0.0000 -0.0000 -1.0000
  normal -0.7071 -0.7071 0.0000
  normal -0.7071 0.7071 0.0000
  normal -0.7071 -0.7071 0.0000
  normal -0.7071 -0.7071 0.0000
  normal 0.0000 -0.0000 -1.0000
  normal 0.7071 0.7071 0.0000
  normal 0.7071 0.7071 0.0000
  normal -0.7071 0.7071 0.0000
  normal 0.7071 0.7071 0.0000
  normal -0.7071 -0.7071 0.0000
  normal -0.7071 0.7071 0.0000
  normal -0.7071 0.7071 0.0000
  normal -0.7071 -0.7071 0.0000
  normal -0.7071 0.7071 0.0000
  normal -0.7071 0.7071 0.0000
  normal -0.7071 0.7071 0.0000
  normal -0.7071 0.7071 0.0000
  normal 0.0000 -0.0000 -1.0000
  normal 0.7071 0.7071 0.0000
  normal 0.7071 -0.7071 0.0000
  normal 0.7071 0.7071 0.0000
  normal 0.7071 0.7071 0.0000
  normal 0.0000 -0.0000 -1.0000
  normal 0.7071 -0.7071 0.0000
  normal -0.7071 -0.7071 0.0000
  normal -0.7071 -0.7071 0.0000
  normal -0.7071 -0.7071 0.0000
  normal -0.7071 -0.7071 0.0000
  normal -0.7071 -0.7071 0.0000
  normal -0.7071 -0.7071 0.0000
  normal -0.7071 -0.7071 0.0000
  normal 0.7071 0.7071 0.0000
  normal 0.7071 -0.7071 0.0000
  normal 0.7071 -0.7071 0.0000
  normal 0.7071 0.7071 0.0000
  normal 0.0000 0.0000 -1.0000
  normal -0.7071 0.7071 0.0000
  normal 0.7071 0.7071 0.0000
  normal -0.7071 0.7071 0.0000
  normal -0.7071 0.7071 0.0000
  normal 0.7071 -0.7071 0.0000
  normal 0.0000 0.0000 -1.0000
  normal 0.7071 0.7071 0.0000
  normal 0.7071 -0.7071 0.0000
  normal 0.7071 -0.7071 0.0000
  normal 0.0000 0.0000 -1.0000
  normal 0.7071 0.7071 0.0000
  normal 0.7071 -0.7071 0.0000
  normal 0.7071 -0.7071 0.0000
  normal 0.7071 -0.7071 0.0000
  normal 0.7071 0.7071 0.0000
  normal 0.7071 0.7071 0.0000
  normal 0.0000 0.0000 -1.0000
  normal 0.7071 -0.7071 0.0000
  normal 0.0000 0.0000 -1.0000
  normal 0.7071 -0.7071 0.0000
  normal 0.7071 -0.7071 0.0000
  normal 0.7071 -0.7071 0.0000
  normal 0.7071 -0.7071 0.0000
  normal 0.7071 -0.7071 0.0000
  normal 0.0000 0.0000 -1.0000
  normal -0.7071 0.7071 0.0000
  normal 0.7071 0.7071 0.0000
  normal 0.7071 0.7071 0.0000
  normal 0.7071 0.7071 0.0000
  normal 0.0000 0.0000 1.0000
  normal -0.7071 0.7071 0.0000
  normal 0.7071 0.7071 0.0000
  normal 0.0000 0.0000 -1.0000
  normal -0.7071 0.7071 0.0000
  normal -0.7071 -0.7071 0.0000
  normal 0.0000 0.0000 1.0000
  normal -0.0000 0.0000 1.0000
  normal -0.7071 0.7071 0.0000
  normal -0.7071 -0.7071 0.0000
  normal 0.0000 0.0000 -1.0000
  normal 0.0000 0.0000 -1.0000
  normal -0.7071 0.7071 0.0000
  normal -0.7071 -0.7071 0.0000
  normal 0.0000 0.0000 -1.0000
  normal -0.7071 -0.7071 0.0000
  normal -0.7071 0.7071 0.0000
  normal -0.0000 0.0000 1.0000
  normal 0.0000 0.0000 -1.0000
  normal 0.7071 0.7071 0.0000
  normal 0.0000 0.0000 -1.0000
  normal 0.7071 0.7071 0.0000
  normal 0.7071 0.7071 0.0000
  normal 0.7071 0.7071 0.0000
  normal 0.7071 0.7071 0.0000
  normal 0.7071 0.7071 0.0000
  normal 0.0000 0.0000 -1.0000
  normal 0.7071 -0.7071 0.0000
  normal -0.7071 -0.7071 0.0000
  normal 0.7071 -0.7071 0.0000
  normal 0.7071 -0.7071 0.0000
  normal 0.0000 0.0000 1.0000
  normal -0.7071 -0.7071 0.0000
  normal 0.7071 -0.7071 0.0000
  normal 0.0000 0.0000 -1.0000
  normal -0.7071 0.7071 0.0000
  normal -0.7071 -0.7071 0.0000
  normal 0.0000 0.0000 1.0000
  normal -0.0000 0.0000 1.0000
  normal -0.7071 -0.7071 0.0000
  normal -0.7071 0.7071 0.0000
  normal 0.0000 0.0000 -1.0000
  normal -0.7071 0.7071 0.0000
  normal 0.7071 0.7071 0.0000
  normal 0.7071 0.7071 0.0000
  normal 0.7071 0.7071 0.0000
  normal -0.7071 0.7071 0.0000
  normal -0.7071 0.7071 0.0000
  normal 0.0000 0.0000 -1.0000
  normal 0.7071 0.7071 0.0000
  normal 0.0000 0.0000 -1.0000
  normal 0.7071 0.7071 0.0000
  normal 0.7071 0.7071 0.0000
  normal 0.7071 0.7071 0.0000
  normal 0.7071 0.7071 0.0000
  normal 0.7071 0.7071 0.0000
  normal 0.0000 0.0000 -1.0000
  normal -0.7071 -0.7071 0.0000
  normal -0.7071 0.7071 0.0000
  normal -0.7071 0.7071 0.0000
  normal 0.0000 0.0000 1.0000
  normal -0.7071 0.7071 0.0000
  normal -0.7071 -0.7071 0.0000
  normal -0.7071 0.7071 0.0000
  normal 0.0000 0.0000 -1.0000
  normal -0.7071 -0.7071 0.0000
  normal 0.7071 -0.7071 0.0000
  normal 0.0000 0.0000 1.0000
  normal -0.0000 0.0000 1.0000
  normal -0.7071 -0.7071 0.0000
  normal 0.7071 -0.7071 0.0000
  normal 0.0000 0.0000 -1.0000
  normal 0.0000 0.0000 -1.0000
  normal -0.7071 -0.7071 0.0000
  normal 0.7071 -0.7071 0.0000
  normal 0.0000 0.0000 -1.0000
  normal 0.7071 -0.7071 0.0000
  normal -0.7071 -0.7071 0.0000
  normal -0.0000 0.0000 1.0000
  normal 0.0000 0.0000 -1.0000
  normal -0.7071 0.7071 0.0000
  normal 0.0000 0.0000 -1.0000
  normal -0.7071 0.7071 0.0000
  normal -0.7071 0.7071 0.0000
  normal -0.7071 0.7071 0.0000
  normal -0.7071 0.7071 0.0000
  normal -0.7071 0.7071 0.0000
  normal 0.0000 0.0000 -1.0000
  normal 0.7071 0.7071 0.0000
  normal 0.7071 -0.7071 0.0000
  normal 0.7071 0.7071 0.0000
  normal 0.7071 0.7071 0.0000
  normal 0.0000 0.0000 1.0000
  normal 0.7071 -0.7071 0.0000
  normal 0.7071 0.7071 0.0000
  normal 0.0000 0.0000 -1.0000
  normal -0.7071 -0.7071 0.0000
  normal 0.7071 -0.7071 0.0000
  normal -0.7071 -0.7071 0.0000
  normal 0.0000 0.0000 1.0000
  normal -0.0000 0.0000 1.0000
  normal 0.7071 -0.7071 0.0000
  normal -0.7071 0.7071 0.0000
  normal 0.7071 0.7071 0.0000
  normal 0.7071 0.7071 0.0000
  normal -0.7071 0.7071 0.0000
  normal 0.7071 0.7071 0.0000
  normal 0.7071 0.7071 0.0000
  normal 0.7071 0.7071 0.0000
  normal 0.7071 0.7071 0.0000
  normal 0.0000 0.0000 -1.0000
  normal -0.7071 -0.7071 0.0000
  normal 0.7071 -0.7071 0.0000
  normal 0.7071 -0.7071 0.0000
  normal 0.7071 -0.7071 0.0000
  normal 0.0000 0.0000 -1.0000
  normal -0.7071 0.7071 0.0000
  normal -0.7071 -0.7071 0.0000
  normal -0.7071 0.7071 0.0000
  normal -0.7071 0.7071 0.0000
  normal -0.7071 0.7071 0.0000
  normal -0.7071 0.7071 0.0000
  normal -0.7071 0.7071 0.0000
  normal -0.7071 0.7071 0.0000
  normal -0.7071 -0.7071 0.0000
  normal -0.7071 -0.7071 0.0000
  normal 0.7071 -0.7071 0.0000
  normal 0.7071 -0.7071 0.0000
  normal 0.0000 0.0000 -1.0000
  normal 0.7071 0.7071 0.0000
  normal 0.7071 -0.7071 0.0000
  normal 0.7071 0.7071 0.0000
  normal 0.7071 0.7071 0.0000
  normal 0.0000 0.0000 -1.0000
  normal -0.7071 -0.7071 0.0000
  normal -0.7071 -0.7071 0.0000
  normal 0.7071 -0.7071 0.0000
  normal -0.7071 -0.7071 0.0000
  normal 0.7071 0.7071 0.0000
  normal 0.7071 -0.7071 0.0000
  normal 0.7071 -0.7071 0.0000
  normal 0.7071 0.7071 0.0000
  normal 0.7071 -0.7071 0.0000
  normal 0.7071 -0.7071 0.0000
  normal 0.7071 -0.7071 0.0000
  normal 0.7071 -0.7071 0.0000
  normal 0.0000 0.0000 -1.0000
  normal -0.7071 -0.7071 0.0000
  normal -0.7071 0.7071 0.0000
  normal -0.7071 -0.7071 0.0000
  normal -0.7071 -0.7071 0.0000
  normal 0.0000 0.0000 -1.0000
  normal -0.7071 0.7071 0.0000
  normal 0.7071 0.7071 0.0000
  normal 0.7071 0.7071 0.0000
  normal 0.7071 0.7071 0.0000
  normal 0.7071 0.7071 0.0000
  normal 0.7071 0.7071 0.0000
  normal 0.7071 0.7071 0.0000
  normal 0.7071 0.7071 0.0000
  normal -0.7071 0.7071 0.0000
  normal -0.7071 0.7071 0.0000
  normal -0.7071 -0.7071 0.0000
  normal -0.7071 -0.7071 0.0000
  normal -0.0000 -0.0000 -1.0000
  normal 0.7071 -0.7071 0.0000
  normal -0.7071 -0.7071 0.0000
  normal 0.7071 -0.7071 0.0000
  normal 0.7071 -0.7071 0.0000
  normal -0.0000 -0.0000 -1.0000
  normal -0.7071 0.7071 0.0000
  normal -0.7071 0.7071 0.0000
  normal -0.7071 -0.7071 0.0000
  normal -0.7071 0.7071 0.0000
  normal -0.7071 0.7071 0.0000
  normal -0.7071 -0.7071 0.0000
  normal -0.7071 -0.7071 0.0000
  normal -0.7071 0.7071 0.0000
  normal -0.7071 -0.7071 0.0000
  normal 0.7071 -0.7071 0.0000
  normal 0.7071 -0.7071 0.0000
  normal -0.7071 -0.7071 0.0000
  normal -0.7071 -0.7071 0.0000
  normal -0.7071 -0.7071 0.0000
  normal -0.7071 -0.7071 0.0000
  normal -0.7071 -0.7071 0.0000
  normal 0.7071 -0.7071 0.0000
  normal 0.7071 -0.7071 0.0000
  normal 0.7071 -0.7071 0.0000
  normal 0.7071 -0.7071 0.0000
  normal 0.7071 -0.7071 0.0000
  normal 0.7071 -0.7071 0.0000
  normal 0.7071 -0.7071 0.0000
  normal 0.7071 -0.7071 0.0000
  normal -0.7071 -0.7071 0.0000
  normal -0.7071 -0.7071 0.0000
  normal -0.7071 -0.7071 0.0000
  normal -0.7071 -0.7071 0.0000
  normal -0.7071 0.7071 0.0000
  normal -0.7071 0.7071 0.0000
  normal -0.7071 0.7071 0.0000
  normal -0.7071 0.7071 0.0000
  normal -0.7071 -0.7071 0.0000
  normal -0.7071 -0.7071 0.0000
  normal -0.7071 -0.7071 0.0000
  normal -0.7071 -0.7071 0.0000
  normal -0.7071 -0.7071 0.0000
  normal -0.7071 -0.7071 0.0000
  normal -0.7071 -0.7071 0.0000
  normal -0.7071 -0.7071 0.0000
  normal -0.7071 0.7071 0.0000
  normal -0.7071 0.7071 0.0000
  normal -0.7071 0.7071 0.0000
  normal -0.7071 0.7071 0.0000
  normal 0.7071 -0.7071 0.0000
  normal 0.7071 0.7071 0.0000
  normal 0.7071 0.7071 0.0000
  normal 0.7071 -0.7071 0.0000
  normal 0.7071 0.7071 0.0000
  normal -0.7071 0.7071 0.0000
  normal -0.7071 0.7071 0.0000
  normal 0.7071 0.7071 0.0000
  normal 0.7071 0.7071 0.0000
  normal 0.7071 0.7071 0.0000
  normal 0.7071 0.7071 0.0000
  normal 0.7071 0.7071 0.0000
  normal -0.7071 0.7071 0.0000
  normal -0.7071 0.7071 0.0000
  normal -0.7071 0.7071 0.0000
  normal -0.7071 0.7071 0.0000
  normal -0.7071 0.7071 0.0000
  normal -0.7071 0.7071 0.0000
  normal -0.7071 0.7071 0.0000
  normal -0.7071 0.7071 0.0000
  normal 0.7071 0.7071 0.0000
  normal 0.7071 0.7071 0.0000
  normal 0.7071 0.7071 0.0000
  normal 0.7071 0.7071 0.0000
  normal 0.7071 -0.7071 0.0000
  normal 0.7071 -0.7071 0.0000
  normal 0.7071 -0.7071 0.0000
  normal 0.7071 -0.7071 0.0000
  normal 0.7071 0.7071 0.0000
  normal 0.7071 0.7071 0.0000
  normal 0.7071 0.7071 0.0000
  normal 0.7071 0.7071 0.0000
  normal 0.7071 0.7071 0.0000
  normal 0.7071 0.7071 0.0000
  normal 0.7071 0.7071 0.0000
  normal 0.7071 0.7071 0.0000
  normal 0.7071 -0.7071 0.0000
  normal 0.7071 -0.7071 0.0000
  normal 0.7071 -0.7071 0.0000
  normal 0.7071 -0.7071 0.0000
  normal -0.7071 0.7071 0.0000
  normal -0.7071 0.7071 0.0000
  normal 0.0000 0.0000 -1.0000
  normal -0.7071 0.7071 0.0000
  normal 0.7071 0.7071 0.0000
  normal 0.0000 0.0000 -1.0000
  normal 0.7071 0.7071 0.0000
  normal 0.7071 0.7071 0.0000
  normal 0.0000 0.0000 -1.0000
  normal 0.7071 0.7071 0.0000
  normal 0.7071 0.7071 0.0000
  normal 0.0000 0.0000 -1.0000
  normal 0.7071 0.7071 0.0000
  normal 0.7071 -0.7071 0.0000
  normal 0.0000 0.0000 -1.0000
  normal 0.7071 -0.7071 0.0000
  normal 0.7071 -0.7071 0.0000
  normal 0.0000 0.0000 -1.0000
  normal 0.7071 -0.7071 0.0000
  normal 0.7071 -0.7071 0.0000
  normal 0.0000 0.0000 -1.0000
  normal 0.7071 -0.7071 0.0000
  normal -0.7071 -0.7071 0.0000
  normal 0.0000 0.0000 -1.0000
  normal -0.7071 -0.7071 0.0000
  normal -0.7071 -0.7071 0.0000
  normal 0.0000 0.0000 -1.0000
  normal -0.7071 -0.7071 0.0000
  normal -0.7071 -0.7071 0.0000
  normal 0.0000 0.0000 -1.0000
  normal -0.7071 -0.7071 0.0000
  normal -0.7071 0.7071 0.0000
  normal 0.0000 0.0000 -1.0000
  normal -0.7071 0.7071 0.0000
  normal -0.7071 0.7071 0.0000
  normal 0.0000 0.0000 -1.0000
  normal -0.7071 -0.7071 0.0000
  normal -0.7071 0.7071 0.0000
  normal -0.7071 -0.7071 0.0000
  normal -0.7071 0.7071 0.0000
  normal -0.7071 0.7071 0.0000
  normal -0.7071 0.7071 0.0000
  normal -0.7071 0.7071 0.0000
  normal -0.7071 0.7071 0.0000
  normal 0.7071 0.7071 0.0000
  normal 0.7071 -0.7071 0.0000
  normal 0.7071 0.7071 0.0000
  normal 0.7071 -0.7071 0.0000
  normal 0.7071 -0.7071 0.0000
  normal 0.7071 0.7071 0.0000
  normal 0.0000 0.0000 -1.0000
  normal 0.7071 0.7071 0.0000
  normal 0.7071 0.7071 0.0000
  normal -0.7071 -0.7071 0.0000
  normal 0.7071 -0.7071 0.0000
  normal 0.0000 0.0000 -1.0000
  normal -0.7071 -0.7071 0.0000
  normal -0.7071 -0.7071 0.0000
  normal -0.7071 -0.7071 0.0000
  normal -0.7071 -0.7071 0.0000
  normal -0.7071 -0.7071 0.0000
  normal -0.7071 -0.7071 0.0000
  normal 0.7071 0.7071 0.0000
  normal 0.0000 0.0000 -1.0000
  normal -0.7071 0.7071 0.0000
  normal -0.7071 0.7071 0.0000
  normal -0.7071 0.7071 0.0000
  normal 0.7071 -0.7071 0.0000
  normal 0.7071 0.7071 0.0000
  normal 0.0000 0.0000 -1.0000
  normal 0.7071 -0.7071 0.0000
  normal 0.7071 -0.7071 0.0000
  normal 0.7071 -0.7071 0.0000
  normal -0.7071 -0.7071 0.0000
  normal 0.7071 -0.7071 0.0000
  normal -0.7071 -0.7071 0.0000
  normal -0.7071 -0.7071 0.0000
  normal -0.7071 -0.7071 0.0000
  normal -0.7071 -0.7071 0.0000
  normal -0.7071 -0.7071 0.0000
  normal -0.7071 0.7071 0.0000
  normal 0.7071 0.7071 0.0000
  normal -0.7071 0.7071 0.0000
  normal 0.7071 0.7071 0.0000
  normal 0.7071 0.7071 0.0000
  normal -0.7071 0.7071 0.0000
  normal 0.0000 0.0000 -1.0000
  normal -0.7071 0.7071 0.0000
  normal -0.7071 0.7071 0.0000
  normal 0.7071 -0.7071 0.0000
  normal 0.7071 0.7071 0.0000
  normal 0.0000 0.0000 -1.0000
  normal 0.7071 -0.7071 0.0000
  normal 0.7071 -0.7071 0.0000
  normal 0.7071 -0.7071 0.0000
  normal 0.7071 -0.7071 0.0000
  normal 0.7071 -0.7071 0.0000
  normal 0.7071 -0.7071 0.0000
  normal -0.7071 0.7071 0.0000
  normal 0.0000 0.0000 -1.0000
  normal -0.7071 -0.7071 0.0000
  normal -0.7071 -0.7071 0.0000
  normal -0.7071 -0.7071 0.0000
  normal 0.7071 0.7071 0.0000
  normal -0.7071 0.7071 0.0000
  normal 0.7071 0.7071 0.0000
  normal 0.0000 0.0000 -1.0000
  normal 0.7071 0.7071 0.0000
  normal 0.7071 -0.7071 0.0000
  normal 0.7071 0.7071 0.0000
  normal 0.7071 -0.7071 0.0000
  normal 0.7071 0.7071 0.0000
  normal 0.7071 -0.7071 0.0000
  normal 0.7071 -0.7071 0.0000
  normal 0.7071 -0.7071 0.0000
  normal 0.7071 -0.7071 0.0000
  normal -0.7071 -0.7071 0.0000
  normal -0.7071 0.7071 0.0000
  normal -0.7071 -0.7071 0.0000
  normal -0.7071 0.7071 0.0000
  normal -0.7071 -0.7071 0.0000
  normal -0.7071 0.7071 0.0000
  normal 0.0000 0.0000 -1.0000
  normal -0.7071 -0.7071 0.0000
  normal -0.7071 -0.7071 0.0000
  normal 0.7071 0.7071 0.0000
  normal -0.7071 0.7071 0.0000
  normal 0.0000 0.0000 -1.0000
  normal 0.7071 0.7071 0.0000
  normal 0.7071 0.7071 0.0000
  normal 0.7071 0.7071 0.0000
  normal 0.7071 0.7071 0.0000
  normal 0.7071 0.7071 0.0000
  normal 0.7071 0.7071 0.0000
  normal -0.7071 -0.7071 0.0000
  normal 0.0000 0.0000 -1.0000
  normal 0.7071 -0.7071 0.0000
  normal 0.7071 -0.7071 0.0000
  normal 0.7071 -0.7071 0.0000
  normal -0.7071 -0.7071 0.0000
  normal -0.7071 0.7071 0.0000
  normal -0.7071 0.7071 0.0000
  normal 0.0000 0.0000 -1.0000
  normal -0.7071 0.7071 0.0000
  normal 0.7071 0.7071 0.0000
  normal -0.7071 0.7071 0.0000
  normal -0.7071 0.7071 0.0000
  normal 0.7071 0.7071 0.0000
  normal 0.7071 0.7071 0.0000
  normal 0.7071 0.7071 0.0000
  normal 0.7071 0.7071 0.0000
  normal 0.7071 0.7071 0.0000
  normal 0.7071 -0.7071 0.0000
  normal -0.7071 -0.7071 0.0000
  normal 0.7071 -0.7071 0.0000
  normal -0.7071 -0.7071 0.0000
  normal -0.7071 -0.7071 0.0000
  normal 0.0000 0.0000 -1.0000
  normal 0.7071 -0.7071 0.0000
  normal 0.7071 -0.7071 0.0000
  normal 0.7071 -0.7071 0.0000
  normal -0.7071 0.7071 0.0000
  normal -0.7071 -0.7071 0.0000
  normal 0.0000 0.0000 -1.0000
  normal -0.7071 0.7071 0.0000
  normal -0.7071 0.7071 0.0000
  normal -0.7071 0.7071 0.0000
  normal -0.7071 0.7071 0.0000
  normal -0.7071 0.7071 0.0000
  normal -0.7071 0.7071 0.0000
  normal 0.7071 -0.7071 0.0000
  normal 0.0000 0.0000 -1.0000
  normal 0.7071 0.7071 0.0000
  normal 0.7071 0.7071 0.0000
  normal 0.7071 0.7071 0.0000
  normal -0.7071 -0.7071 0.0000
  normal -0.7071 -0.7071 0.0000
  normal 0.7071 -0.7071 0.0000
  normal 0.0000 0.0000 -1.0000
  normal -0.7071 -0.7071 0.0000
  normal -0.7071 0.7071 0.0000
  normal -0.7071 -0.7071 0.0000
  normal -0.7071 0.7071 0.0000
  normal -0.7071 -0.7071 0.0000
  normal -0.7071 0.7071 0.0000
  normal -0.7071 0.7071 0.0000
  normal -0.7071 0.7071 0.0000
  normal -0.7071 0.7071 0.0000
  normal 0.7071 0.7071 0.0000
  normal 0.7071 -0.7071 0.0000
  normal 0.0000 0.0000 1.0000
  normal 0.7071 -0.7071 0.0000
  normal 0.7071 0.7071 0.0000
  normal 0.0000 0.0000 1.0000
  normal 0.0000 0.0000 1.0000
  normal -0.7071 -0.7071 0.0000
  normal -0.7071 -0.7071 0.0000
  normal -0.7071 -0.7071 0.0000
  normal 0.7071 -0.7071 0.0000
  normal 0.0000 0.0000 1.0000
  normal -0.7071 -0.7071 0.0000
  normal -0.7071 -0.7071 0.0000
  normal -0.7071 -0.7071 0.0000
  normal -0.7071 -0.7071 0.0000
  normal -0.7071 0.7071 0.0000
  normal -0.7071 0.7071 0.0000
  normal 0.7071 0.7071 0.0000
  normal -0.7071 0.7071 0.0000
  normal 0.0000 0.0000 1.0000
  normal 0.7071 -0.7071 0.0000
  normal 0.7071 0.7071 0.0000
  normal 0.0000 0.0000 1.0000
  normal 0.0000 0.0000 1.0000
  normal -0.7071 -0.7071 0.0000
  normal 0.7071 -0.7071 0.0000
  normal -0.7071 -0.7071 0.0000
  normal 0.7071 -0.7071 0.0000
  normal -0.7071 -0.7071 0.0000
  normal -0.7071 -0.7071 0.0000
  normal -0.7071 -0.7071 0.0000
  normal -0.7071 -0.7071 0.0000
  normal -0.7071 0.7071 0.0000
  normal 0.7071 0.7071 0.0000
  normal 0.0000 0.0000 1.0000
  normal 0.7071 0.7071 0.0000
  normal -0.7071 0.7071 0.0000
  normal 0.0000 0.0000 1.0000
  normal 0.0000 0.0000 1.0000
  normal 0.7071 -0.7071 0.0000
  normal 0.7071 -0.7071 0.0000
  normal 0.7071 0.7071 0.0000
  normal 0.7071 -0.7071 0.0000
  normal 0.0000 0.0000 1.0000
  normal 0.7071 -0.7071 0.0000
  normal 0.7071 -0.7071 0.0000
  normal 0.7071 -0.7071 0.0000
  normal 0.7071 -0.7071 0.0000
  normal -0.7071 -0.7071 0.0000
  normal -0.7071 -0.7071 0.0000
  normal -0.7071 0.7071 0.0000
  normal -0.7071 -0.7071 0.0000
  normal 0.0000 0.0000 1.0000
  normal 0.7071 0.7071 0.0000
  normal -0.7071 0.7071 0.0000
  normal 0.0000 0.0000 1.0000
  normal 0.0000 0.0000 1.0000
  normal 0.7071 0.7071 0.0000
  normal 0.7071 -0.7071 0.0000
  normal 0.7071 -0.7071 0.0000
  normal 0.7071 0.7071 0.0000
  normal 0.7071 -0.7071 0.0000
  normal 0.7071 -0.7071 0.0000
  normal 0.7071 -0.7071 0.0000
  normal 0.7071 -0.7071 0.0000
  normal -0.7071 -0.7071 0.0000
  normal -0.7071 0.7071 0.0000
  normal 0.0000 0.0000 1.0000
  normal -0.7071 0.7071 0.0000
  normal -0.7071 -0.7071 0.0000
  normal 0.0000 0.0000 1.0000
  normal 0.0000 0.0000 1.0000
  normal 0.7071 0.7071 0.0000
  normal 0.7071 0.7071 0.0000
  normal -0.7071 0.7071 0.0000
  normal 0.7071 0.7071 0.0000
  normal 0.0000 0.0000 1.0000
  normal 0.7071 0.7071 0.0000
  normal 0.7071 0.7071 0.0000
  normal 0.7071 0.7071 0.0000
  normal 0.7071 0.7071 0.0000
  normal 0.7071 -0.7071 0.0000
  normal 0.7071 -0.7071 0.0000
  normal -0.7071 -0.7071 0.0000
  normal 0.7071 -0.7071 0.0000
  normal 0.0000 0.0000 1.0000
  normal -0.7071 -0.7071 0.0000
  normal -0.7071 0.7071 0.0000
  normal 0.0000 0.0000 1.0000
  normal 0.0000 0.0000 1.0000
  normal -0.7071 0.7071 0.0000
  normal 0.7071 0.7071 0.0000
  normal -0.7071 0.7071 0.0000
  normal 0.7071 0.7071 0.0000
  normal 0.7071 0.7071 0.0000
  normal 0.7071 0.7071 0.0000
  normal 0.7071 0.7071 0.0000
  normal 0.7071 0.7071 0.0000
  normal 0.7071 -0.7071 0.0000
  normal -0.7071 -0.7071 0.0000
  normal 0.0000 0.0000 1.0000
  normal -0.7071 -0.7071 0.0000
  normal 0.7071 -0.7071 0.0000
  normal 0.0000 0.0000 1.0000
  normal 0.0000 0.0000 1.0000
  normal -0.7071 0.7071 0.0000
  normal -0.7071 0.7071 0.0000
  normal -0.7071 0.7071 0.0000
  normal -0.7071 -0.7071 0.0000
  normal 0.0000 0.0000 1.0000
  normal -0.7071 0.7071 0.0000
  normal -0.7071 0.7071 0.0000
  normal -0.7071 0.7071 0.0000
  normal -0.7071 0.7071 0.0000
